0.000000 -0.003920277 -0.005872825 0.023741897 0.005601446 -0.005268078 -0.001705846 0.999969006
0.000000 -0.003948994 -0.006498678 0.028439060 0.005620496 -0.005234211 -0.001777087 0.999968946
0.000000 -0.005030436 -0.007312784 0.034394953 0.005719458 -0.004424943 -0.001782962 0.999972284
0.000000 -0.004336840 -0.007282940 0.043187898 0.007024117 -0.003744183 -0.000998037 0.999967873
0.000000 -0.003711421 -0.009097787 0.046503771 0.006028278 -0.004996562 -0.001917058 0.999967515
0.000000 -0.004757494 -0.008748869 0.057088435 0.007728219 -0.002712385 -0.000662548 0.999966264
0.000000 -0.003353451 -0.010025258 0.064650789 0.008019109 -0.002678889 -0.000205134 0.999964237
0.000000 -0.001840827 -0.013536491 0.067786790 0.006424598 -0.004995483 -0.001608117 0.999965608
0.000000 -0.001874020 -0.015796617 0.076488152 0.006977221 -0.005061549 -0.001627221 0.999961555
0.000000 -0.002953507 -0.017504271 0.089827396 0.008765547 -0.003661138 -0.000626933 0.999954700
0.000000 -0.001721266 -0.021554088 0.093138561 0.007316757 -0.005394191 -0.001380467 0.999957740
0.000000 -0.004556800 -0.024579667 0.102275707 0.007670449 -0.004582483 -0.000907632 0.999959707
0.000000 -0.003682060 -0.026781686 0.112200327 0.009498238 -0.005484731 -0.000725505 0.999939620
0.000000 -0.003567912 -0.031162906 0.119469725 0.008727687 -0.006158222 -0.000990553 0.999942482
0.000000 -0.005177966 -0.035006020 0.127648696 0.009038048 -0.006094354 -0.000765318 0.999940336
0.000000 -0.007305360 -0.037971150 0.136765078 0.010477318 -0.005393930 -0.000449050 0.999930501
0.000000 -0.007692152 -0.042779062 0.144542605 0.009775059 -0.006052360 -0.000289112 0.999933898
0.000000 -0.009783996 -0.047518127 0.152438119 0.010161542 -0.005853280 -0.000744292 0.999931037
0.000000 -0.011406842 -0.052321285 0.160641685 0.010460159 -0.005922659 -0.001318151 0.999926925
0.000000 -0.015177708 -0.056216117 0.170577258 0.010528160 -0.005893525 -0.001775669 0.999925673
0.000000 -0.012579825 -0.058305234 0.172171474 0.010909918 -0.007077852 -0.000240199 0.999915481
0.000000 -0.015329533 -0.061768126 0.179677308 0.011581516 -0.006577402 -0.000533985 0.999911189
0.000000 -0.017240204 -0.066061370 0.187646955 0.012303411 -0.006215326 0.000055408 0.999904990
0.000000 -0.018166941 -0.069595352 0.192561090 0.011798742 -0.006123286 -0.000020102 0.999911726
0.000000 -0.019042403 -0.072848856 0.198894605 0.012244084 -0.006252391 0.000472819 0.999905467
0.000000 -0.025526376 -0.076773278 0.209632069 0.012341000 -0.004765514 -0.000020442 0.999912500
0.000000 -0.026603710 -0.080285065 0.215797141 0.012432328 -0.004474056 -0.000043576 0.999912739
0.000000 -0.027836647 -0.084546261 0.222724035 0.012774535 -0.004240311 -0.000574661 0.999909282
0.000000 -0.027308041 -0.086085498 0.226728499 0.012696587 -0.004157439 -0.000451001 0.999910653
0.000000 -0.030914314 -0.088641867 0.234578907 0.012570941 -0.002649226 -0.001024115 0.999917030
0.000000 -0.029998781 -0.091670923 0.240305901 0.012598760 -0.002204267 -0.001093673 0.999917626
0.000000 -0.030383322 -0.092996754 0.248220012 0.012984860 -0.001174461 -0.000596160 0.999914885
0.000000 -0.027426377 -0.095868453 0.250909805 0.012348372 -0.000434111 -0.000369688 0.999923587
0.000000 -0.025732890 -0.097715586 0.256521344 0.012311126 0.000088621 -0.000400718 0.999924183
0.000000 -0.025628235 -0.099527024 0.264004022 0.012486652 0.001119269 -0.000048809 0.999921441
0.000000 -0.022276975 -0.100473456 0.272255540 0.012767977 0.001431902 0.000469080 0.999917388
0.000000 -0.023869457 -0.103448920 0.283049613 0.012484995 0.003276209 0.000333211 0.999916673
0.000000 -0.022118401 -0.106421910 0.289662808 0.012332509 0.004009876 0.000748897 0.999915659
0.000000 -0.022409422 -0.109172441 0.299740434 0.012101559 0.004658096 -0.000308121 0.999915957
0.000000 -0.019510863 -0.109998755 0.309140831 0.012456409 0.004456432 0.000557381 0.999912381
0.000000 -0.018670605 -0.111055665 0.320898056 0.012738244 0.004731244 0.001046292 0.999907196
0.000000 -0.019594068 -0.115070261 0.327132344 0.011950428 0.005302791 0.000355478 0.999914467
0.000000 -0.019900268 -0.116979994 0.339720905 0.012210692 0.005428092 0.000828276 0.999910414
0.000000 -0.017538015 -0.119140804 0.350888640 0.012457872 0.004569717 0.001007008 0.999911547
0.000000 -0.016418371 -0.122416347 0.362928391 0.012594535 0.004372775 0.000554029 0.999911010
0.000000 -0.012415370 -0.129085600 0.370439023 0.011549888 0.003473033 0.000718198 0.999927044
0.000000 -0.007420768 -0.132165402 0.382522523 0.012085583 0.002385641 0.000789968 0.999923825
0.000000 -0.005918304 -0.136139706 0.395536780 0.011791892 0.002617682 0.000616272 0.999926865
0.000000 -0.004210373 -0.139167964 0.407794893 0.011948422 0.002955289 0.000354918 0.999924242
0.000000 0.003096265 -0.142063200 0.418923557 0.012238158 0.001407371 0.000918548 0.999923766
0.000000 0.004814816 -0.148406938 0.433069140 0.011926071 0.001914585 0.001092484 0.999926507
0.000000 0.010290201 -0.153838933 0.444557428 0.011897731 0.000924863 0.000713613 0.999928594
0.000000 0.016186595 -0.158283681 0.455759436 0.012161400 -0.000082516 0.001188602 0.999925375
0.000000 0.016909560 -0.163450330 0.468348920 0.012044162 0.000594999 0.000802246 0.999927044
0.000000 0.019612361 -0.165042117 0.479602247 0.012567326 0.000127497 0.001843917 0.999919355
0.000000 0.023890197 -0.168914676 0.488936603 0.012182899 -0.000948713 0.002032447 0.999923289
0.000000 0.023221791 -0.170927197 0.501766026 0.012564193 -0.000751380 0.002267692 0.999918282
0.000000 0.026277333 -0.172831073 0.510952473 0.012885786 -0.002030960 0.002723030 0.999911249
0.000000 0.024508402 -0.173980996 0.522118449 0.013151159 -0.002322146 0.002818371 0.999906898
0.000000 0.025234723 -0.177559510 0.531309426 0.013194893 -0.003409131 0.002411675 0.999904275
0.000000 0.026812876 -0.183224961 0.540964723 0.012631699 -0.004820223 0.002424158 0.999905646
0.000000 0.029659288 -0.186443999 0.547876060 0.012491682 -0.006640153 0.001965026 0.999898016
0.000000 0.030306993 -0.187831983 0.557687640 0.012921223 -0.008011599 0.002882723 0.999880254
0.000000 0.030846119 -0.189412400 0.567980826 0.013245425 -0.009551223 0.002605409 0.999863267
0.000000 0.023017574 -0.192725226 0.583559871 0.013287067 -0.008567479 0.002070928 0.999872923
0.000000 0.021540998 -0.195555121 0.595158100 0.012915163 -0.009762412 0.002328989 0.999866247
0.000000 0.019559624 -0.198351547 0.607987583 0.013136377 -0.010693910 0.002492634 0.999853492
0.000000 0.019030692 -0.201377258 0.619466662 0.013400123 -0.011965294 0.001995045 0.999836683
0.000000 0.017663272 -0.204790965 0.633627295 0.013589361 -0.012894549 0.001916173 0.999822676
0.000000 0.013596140 -0.208496362 0.646633923 0.013761877 -0.012742135 0.001603416 0.999822795
0.000000 0.011153625 -0.210920244 0.661104500 0.014440343 -0.012750087 0.002049471 0.999812424
0.000000 0.013116505 -0.213339373 0.672256351 0.015487635 -0.014743670 0.002713659 0.999767721
0.000000 0.007417441 -0.217605099 0.693038046 0.016395265 -0.013286028 0.001676449 0.999775946
0.000000 0.008656206 -0.227275431 0.705483854 0.014970427 -0.014128136 0.001347363 0.999787211
0.000000 0.004110762 -0.235355332 0.721349716 0.015123662 -0.013520778 0.002049311 0.999792099
0.000000 0.003940115 -0.241883725 0.738340616 0.016511163 -0.013961939 0.001764445 0.999764681
0.000000 0.002870596 -0.251978368 0.752910137 0.016201410 -0.014341534 0.001626439 0.999764562
0.000000 -0.002444026 -0.259326100 0.766107440 0.016645463 -0.013204818 0.002019114 0.999772251
0.000000 -0.007219799 -0.265898257 0.779723585 0.017489545 -0.011896730 0.001943788 0.999774396
0.000000 -0.010126295 -0.270877928 0.790583014 0.018897101 -0.011714397 0.002147737 0.999750495
0.000000 -0.006607173 -0.283545732 0.801528454 0.017884428 -0.013213255 0.001502487 0.999751687
0.000000 -0.007201379 -0.290037781 0.813171804 0.018752359 -0.013374841 0.001009454 0.999734223
0.000000 -0.011415545 -0.299710780 0.826887608 0.018396579 -0.012405423 0.001367179 0.999752939
0.000000 -0.016625790 -0.303565145 0.840454876 0.019975675 -0.010744292 0.001976482 0.999740779
0.000000 -0.014065935 -0.311899871 0.850140989 0.019647704 -0.011881057 0.001196511 0.999735653
0.000000 -0.016664542 -0.313860089 0.863792181 0.021643141 -0.010810818 0.001809714 0.999705672
0.000000 -0.018439312 -0.319994569 0.877434611 0.021944975 -0.009568023 0.002554328 0.999710202
0.000000 -0.019750010 -0.322741061 0.888501942 0.023427492 -0.008824236 0.001705675 0.999685168
0.000000 -0.022000633 -0.324536473 0.900646985 0.025299862 -0.007233417 0.002284444 0.999651194
0.000000 -0.019420207 -0.331185281 0.912313700 0.025221018 -0.007125197 0.002512966 0.999653399
0.000000 -0.018617198 -0.334654480 0.922215760 0.025655387 -0.006210344 0.002388663 0.999648750
0.000000 -0.016278524 -0.338614553 0.932769895 0.025700286 -0.005565668 0.002276490 0.999651611
0.000000 -0.017855974 -0.340794683 0.944531381 0.025825305 -0.003231151 0.002692098 0.999657631
0.000000 -0.017322822 -0.343368649 0.958316088 0.026491927 -0.001753176 0.002342375 0.999644816
0.000000 -0.013054767 -0.345797837 0.967678785 0.026221400 -0.001029911 0.001665007 0.999654233
0.000000 -0.010118200 -0.347858697 0.980174005 0.026172254 0.000254969 0.001556195 0.999656260
0.000000 -0.009373762 -0.349959522 0.995186090 0.026420772 0.002403026 0.001613582 0.999646723
0.000000 -0.007980059 -0.352146447 1.008445024 0.026015444 0.004258130 0.002077532 0.999650359
0.000000 -0.003454241 -0.353918970 1.020654321 0.026356630 0.004595856 0.001863481 0.999640346
0.000000 -0.001658842 -0.356780022 1.034225941 0.026600635 0.006144349 0.001942279 0.999625444
0.000000 -0.000079921 -0.359235883 1.051480651 0.027050687 0.007503121 0.002130456 0.999603629
0.000000 -0.000600705 -0.365515560 1.071529746 0.026044326 0.010011890 0.002197139 0.999608219
0.000000 0.004781913 -0.366900861 1.082179427 0.027799413 0.009394633 0.002507076 0.999566257
0.000000 0.008843268 -0.370291978 1.097298861 0.028949672 0.009805332 0.002746634 0.999529004
0.000000 0.010206149 -0.375229657 1.114561796 0.029686464 0.011106747 0.003078514 0.999492884
0.000000 0.016101606 -0.378464937 1.130302668 0.030981487 0.011313559 0.003756252 0.999448895
0.000000 0.019614810 -0.385924876 1.146658659 0.030767310 0.012710562 0.003645454 0.999439120
0.000000 0.024378911 -0.392970800 1.162142873 0.031213900 0.014367064 0.003475734 0.999403477
0.000000 0.031640828 -0.401455402 1.179816246 0.031301461 0.015714565 0.004409376 0.999376774
0.000000 0.037211601 -0.409187913 1.187759042 0.032210153 0.016680108 0.003765285 0.999334872
0.000000 0.040196706 -0.412768751 1.203407884 0.034929972 0.019951902 0.004131871 0.999182105
0.000000 0.044938635 -0.419133127 1.216547132 0.036071952 0.022924330 0.004563984 0.999075830
0.000000 0.049867291 -0.423653841 1.228901625 0.037913091 0.025635401 0.004666769 0.998941243
0.000000 0.052111112 -0.428469807 1.239954710 0.039207611 0.028854104 0.005214030 0.998800814
0.000000 0.053531140 -0.432899088 1.252109885 0.040376443 0.032258533 0.005380265 0.998649180
0.000000 0.060342368 -0.443981141 1.263481379 0.039410938 0.033314377 0.005858981 0.998650372
0.000000 0.061045647 -0.447964579 1.273503900 0.041431416 0.036732275 0.005934120 0.998448312
0.000000 0.063742533 -0.452612996 1.284864306 0.042560086 0.039293662 0.005941231 0.998303235
0.000000 0.063801639 -0.455122828 1.296574235 0.044700004 0.043447636 0.006833318 0.998031855
0.000000 0.064916894 -0.460373133 1.306716442 0.045723230 0.047206022 0.006526124 0.997816861
0.000000 0.066327602 -0.464576125 1.316932082 0.046668697 0.050992746 0.007113776 0.997582734
0.000000 0.068250634 -0.469085813 1.326748729 0.047519792 0.054408476 0.007017376 0.997362733
0.000000 0.066171058 -0.474416256 1.336100578 0.047871251 0.059386045 0.007275730 0.997060120
0.000000 0.067897670 -0.479673445 1.347663283 0.048097990 0.062641487 0.007012770 0.996851802
0.000000 0.068650663 -0.479547858 1.357034445 0.050356768 0.065650403 0.007732548 0.996541262
0.000000 0.069200881 -0.482689261 1.367778301 0.051038515 0.069647118 0.007687893 0.996235549
0.000000 0.069895998 -0.484846920 1.378907442 0.051679354 0.073722169 0.007898123 0.995907664
0.000000 0.072460473 -0.485917151 1.392066598 0.053293649 0.077421308 0.009201358 0.995530546
0.000000 0.073760644 -0.489210367 1.405622244 0.053719502 0.081980690 0.008374630 0.995149851
0.000000 0.074854486 -0.494439930 1.418965936 0.054355673 0.087005116 0.007318749 0.994696915
0.000000 0.075523198 -0.501922548 1.434608459 0.053843740 0.093397520 0.008421965 0.994136274
0.000000 0.075724781 -0.505458534 1.448301554 0.056027286 0.100057274 0.008882887 0.993363321
0.000000 0.074502163 -0.511288404 1.468104839 0.057207253 0.107700877 0.010647864 0.992479026
0.000000 0.072703242 -0.522951901 1.481773734 0.055723224 0.115024947 0.010110742 0.991746902
0.000000 0.073424354 -0.529758871 1.497662902 0.057063129 0.121601559 0.009997264 0.990886986
0.000000 0.070160806 -0.538134515 1.512295246 0.057353325 0.129404634 0.011343215 0.989866853
0.000000 0.069431715 -0.547552824 1.528059602 0.057055306 0.136916980 0.011322029 0.988873243
0.000000 0.068303466 -0.554098725 1.541495681 0.058483060 0.144603968 0.011466549 0.987693250
0.000000 0.067162499 -0.564195871 1.555446029 0.058193296 0.152656600 0.011576286 0.986496627
0.000000 0.067732222 -0.574762821 1.567039967 0.058195032 0.159897000 0.012381522 0.985339046
0.000000 0.066925168 -0.577390015 1.578702211 0.061308488 0.167503506 0.014446510 0.983857334
0.000000 0.065458573 -0.582786202 1.590515494 0.062803611 0.175665170 0.016204562 0.982311010
0.000000 0.062806025 -0.599477172 1.609648943 0.060116723 0.185614213 0.017862089 0.980619371
0.000000 0.065584153 -0.614263535 1.626514196 0.057595480 0.194645703 0.014133367 0.979079247
0.000000 0.066876560 -0.612322807 1.638315201 0.060959041 0.203723893 0.015960054 0.976998389
0.000000 0.068908766 -0.619312584 1.651097059 0.061117824 0.213758260 0.016473457 0.974833667
0.000000 0.071578749 -0.629510045 1.665448189 0.059870362 0.224547610 0.016854875 0.972476125
0.000000 0.072630413 -0.633563459 1.676868796 0.060164895 0.235986218 0.019185374 0.969702363
0.000000 0.077187642 -0.623459876 1.670588732 0.064023376 0.244742736 0.021496816 0.967233121
0.000000 0.080751985 -0.633334339 1.688109159 0.060316358 0.256697804 0.023327377 0.964325666
0.000000 0.084418669 -0.631577671 1.694789410 0.060638294 0.268081665 0.027300783 0.961098313
0.000000 0.088137016 -0.634671867 1.713589787 0.060808674 0.281373173 0.032041781 0.957133651
0.000000 0.093031988 -0.640394390 1.725264549 0.055790659 0.293262213 0.034480952 0.953779757
0.000000 0.100376979 -0.644904792 1.738760471 0.052478671 0.306043357 0.035948820 0.949890077
0.000000 0.109018385 -0.652632058 1.756169677 0.047029264 0.319324553 0.038973022 0.945675015
0.000000 0.116818994 -0.653225183 1.769073248 0.044594500 0.331247777 0.042174608 0.941545367
0.000000 0.124082446 -0.652092636 1.774735689 0.041652713 0.342685223 0.045543853 0.937420785
0.000000 0.135691613 -0.654242814 1.789856315 0.039281957 0.354959786 0.050336391 0.932698667
0.000000 0.144369304 -0.653817177 1.800385714 0.037383199 0.367183268 0.053838395 0.927836418
0.000000 0.157195508 -0.657907724 1.814008236 0.033448022 0.380319685 0.055239815 0.922597826
0.000000 0.171069980 -0.664906502 1.829340219 0.029687414 0.393479139 0.059660383 0.916915178
0.000000 0.183059841 -0.665261865 1.841081858 0.029170355 0.406052053 0.065653875 0.911021650
0.000000 0.197521240 -0.666568041 1.846428156 0.026248880 0.417630285 0.070480257 0.905499041
0.000000 0.204227030 -0.659174562 1.839968681 0.024973318 0.428534806 0.072999179 0.900225222
0.000000 0.223331928 -0.674525976 1.857771277 0.017942594 0.443489343 0.072128274 0.893192470
0.000000 0.234370887 -0.681143701 1.864956617 0.014229919 0.456487805 0.074965991 0.886451602
0.000000 0.238692522 -0.683890104 1.870239496 0.012659592 0.469521880 0.079935990 0.879203737
0.000000 0.259222686 -0.679776609 1.876248598 0.013575329 0.479418755 0.085037470 0.873351038
0.000000 0.270000458 -0.689288020 1.889297485 0.008342708 0.494865268 0.085678451 0.864695311
0.000000 0.278651834 -0.686256409 1.889949799 0.006264972 0.506849110 0.089846402 0.857317030
0.000000 0.290663779 -0.687495887 1.903945804 0.003710739 0.520442426 0.093554258 0.848748207
0.000000 0.303171039 -0.695642292 1.916384935 -0.001119478 0.533341825 0.097091563 0.840308547
0.000000 0.302206159 -0.690286279 1.920417547 -0.002192975 0.547025442 0.101237833 0.830968916
0.000000 0.319580555 -0.684984565 1.920971155 -0.005730611 0.557472169 0.102482736 0.823826015
0.000000 0.330037951 -0.689517260 1.929536462 -0.009946547 0.570319355 0.108249128 0.814198434
0.000000 0.351920962 -0.708865881 1.950850487 -0.018685721 0.584100604 0.114124537 0.803400934
0.000000 0.355742812 -0.708079398 1.953986406 -0.022165429 0.597472310 0.120801754 0.792428255
0.000000 0.367763162 -0.707965493 1.957296371 -0.027463779 0.609426379 0.124267347 0.782561839
0.000000 0.385755897 -0.711974144 1.961366653 -0.032729432 0.620251596 0.129161999 0.773003221
0.000000 0.406156301 -0.702082336 1.945833325 -0.035091486 0.628783584 0.134796143 0.765003145
0.000000 0.422559023 -0.713973522 1.980447054 -0.041767173 0.644709587 0.140184298 0.750302315
0.000000 0.431983113 -0.700001895 1.955843687 -0.042596526 0.651858985 0.143751696 0.743371308
0.000000 0.462997437 -0.692794442 1.955201149 -0.043850347 0.661746264 0.148693860 0.733525157
0.000000 0.465871572 -0.691513777 1.953637362 -0.044271898 0.671337903 0.153228134 0.723786294
0.000000 0.476681232 -0.688874960 1.954160929 -0.044145700 0.680896223 0.156643361 0.714068890
0.000000 0.527495146 -0.670494676 1.958063483 -0.043074932 0.690909266 0.158542961 0.704026341
0.000000 0.550401807 -0.670764029 1.965794325 -0.045564651 0.700635493 0.157618165 0.694399357
0.000000 0.562481046 -0.672088265 1.969506025 -0.045146763 0.709773839 0.161583200 0.684159279
0.000000 0.625637054 -0.648883045 1.961276054 -0.042192671 0.716543496 0.164387569 0.676581144
0.000000 0.646686316 -0.639283657 1.972224474 -0.041659400 0.725534856 0.165216237 0.666758835
0.000000 0.671095490 -0.626646042 1.968716264 -0.039929673 0.733546197 0.167551711 0.657451153
0.000000 0.713242054 -0.615214467 1.955100060 -0.038234543 0.740911722 0.170623332 0.648440957
0.000000 0.738477468 -0.604517996 1.965037346 -0.035995826 0.749442458 0.175008595 0.637504876
0.000000 0.752092361 -0.603940487 1.983913064 -0.038567722 0.758462787 0.171911433 0.627449870
0.000000 0.790576816 -0.571880221 1.964230299 -0.033620350 0.764574707 0.176578715 0.618963003
0.000000 0.800257206 -0.573014259 1.936757088 -0.033738684 0.770250499 0.178462237 0.611332357
0.000000 0.833441734 -0.562657356 1.941622496 -0.033186387 0.778203249 0.180867091 0.600487709
0.000000 0.888774037 -0.548721790 1.943337321 -0.033884775 0.786518097 0.181546465 0.589306474
0.000000 0.899292946 -0.539166927 1.948987961 -0.034217574 0.793984830 0.181208402 0.579293311
0.000000 0.905850172 -0.545166910 1.934517860 -0.034823172 0.800622940 0.184771106 0.568902433
0.000000 0.946767569 -0.530821800 1.928976417 -0.034650169 0.807768464 0.186987817 0.557983100
0.000000 0.964483023 -0.529843926 1.916921496 -0.035500489 0.813735962 0.190118775 0.548113465
0.000000 0.974428177 -0.528283238 1.912705302 -0.036059666 0.820156813 0.190782845 0.538186252
0.000000 1.023583651 -0.524574220 1.913059473 -0.037844103 0.825919986 0.191992849 0.528736949
0.000000 1.038895130 -0.523420334 1.903928041 -0.039274529 0.830395937 0.193976924 0.520838737
0.000000 1.064454556 -0.520953655 1.888554811 -0.041569583 0.833097696 0.195263326 0.515841544
0.000000 1.080211878 -0.520007610 1.879505396 -0.041082315 0.834531903 0.198396176 0.512355089
0.000000 1.129233837 -0.506693423 1.882691622 -0.044235300 0.835977674 0.196093962 0.510618925
0.000000 1.128531456 -0.506952524 1.883625746 -0.044750810 0.836066604 0.196363524 0.510324657
0.000000 1.150980473 -0.504975021 1.869638443 -0.044703994 0.835019648 0.199186012 0.510948956
0.000000 1.184447527 -0.505057931 1.877595305 -0.046512414 0.834878504 0.199574456 0.510866404
0.000000 1.194352865 -0.503739417 1.871192813 -0.047231182 0.833820581 0.200673461 0.512096286
0.000000 1.205542088 -0.502504945 1.864800572 -0.047848552 0.832814574 0.201501146 0.513349533
0.000000 1.219148397 -0.501585603 1.856379271 -0.048099756 0.831788719 0.203361243 0.514254987
0.000000 1.256204605 -0.509515464 1.885744691 -0.049856246 0.832691193 0.204298422 0.512251914
0.000000 1.270046473 -0.507969856 1.877547622 -0.051709756 0.831494510 0.205145821 0.513671339
0.000000 1.286862373 -0.506204367 1.867448092 -0.052707896 0.830687702 0.206271142 0.514424086
0.000000 1.294044495 -0.505418062 1.863490820 -0.053160749 0.830190241 0.207351446 0.514746130
0.000000 1.324423313 -0.503063202 1.850699663 -0.054310378 0.829930723 0.208894223 0.514420629
0.000000 1.348243237 -0.500904500 1.836565852 -0.055142641 0.829633057 0.210029304 0.514350176
0.000000 1.375704050 -0.498230457 1.820333481 -0.056025043 0.829777479 0.210949779 0.513644576
0.000000 1.407130957 -0.482047468 1.850028276 -0.057682771 0.832190752 0.208610967 0.510502577
0.000000 1.426504612 -0.467489094 1.826993585 -0.057438545 0.831730187 0.209168211 0.511052251
0.000000 1.450426579 -0.496322215 1.771205783 -0.059063762 0.829369009 0.214244872 0.512598932
0.000000 1.476307631 -0.490475893 1.766781807 -0.060398154 0.830084026 0.213782296 0.511478007
0.000000 1.505770326 -0.482321352 1.755784512 -0.061087657 0.830659747 0.213865280 0.510425627
0.000000 1.527393579 -0.476988167 1.736505508 -0.061699450 0.831120014 0.213843688 0.509611249
0.000000 1.564231038 -0.486639202 1.721005440 -0.063136056 0.831912875 0.215484411 0.507445931
0.000000 1.587960482 -0.478661567 1.711620808 -0.063996002 0.833159268 0.215408787 0.505321026
0.000000 1.612209439 -0.469276965 1.703191042 -0.064695239 0.834544957 0.214692906 0.503245592
0.000000 1.649562359 -0.470665574 1.681810379 -0.065374903 0.835224926 0.215490773 0.501686454
0.000000 1.680244446 -0.468178272 1.665437937 -0.066061378 0.836099863 0.216251865 0.499807954
0.000000 1.710138798 -0.466061711 1.650040150 -0.066599987 0.837122917 0.216447711 0.497935891
0.000000 1.756038666 -0.467082143 1.629118443 -0.068396136 0.837118745 0.217850894 0.497086823
0.000000 1.789358854 -0.445353270 1.640890598 -0.067702852 0.840180814 0.216065437 0.492776185
0.000000 1.834182024 -0.430009604 1.646262527 -0.068895556 0.842428923 0.214605138 0.489399165
0.000000 1.869636297 -0.399869442 1.633523464 -0.068514660 0.844119132 0.212648347 0.487390399
0.000000 1.916480899 -0.390706301 1.608244538 -0.068960674 0.845168948 0.213456005 0.485150009
0.000000 1.972418904 -0.382831693 1.608843446 -0.070396625 0.847219765 0.212697253 0.481687516
0.000000 2.028882265 -0.390765309 1.584896207 -0.071043886 0.848301411 0.214274183 0.478982329
0.000000 2.088200331 -0.418598890 1.557222128 -0.071925215 0.848946154 0.216756046 0.476585805
0.000000 2.145228386 -0.414916873 1.537544608 -0.071796745 0.850418806 0.216946661 0.473885238
0.000000 2.201520205 -0.407746077 1.520333052 -0.071699359 0.851749063 0.216316417 0.471794456
0.000000 2.268630028 -0.411560118 1.505168915 -0.072357342 0.853373587 0.215801284 0.468985975
0.000000 2.326427221 -0.424937248 1.479870677 -0.072430797 0.854229987 0.216632977 0.467027932
0.000000 2.390759706 -0.418034971 1.466324210 -0.071684994 0.855748296 0.215683192 0.464797735
0.000000 2.451675892 -0.459387183 1.474041700 -0.072775222 0.857811332 0.216913834 0.460230261
0.000000 2.503394604 -0.471462846 1.475966215 -0.073356010 0.859776020 0.216608241 0.456601650
0.000000 2.561529636 -0.473658085 1.455978513 -0.073573478 0.861255467 0.216322228 0.453906059
0.000000 2.609663010 -0.474821687 1.439856648 -0.074320436 0.862538040 0.215140596 0.451906055
0.000000 2.667942762 -0.472664714 1.415114045 -0.073827282 0.864097595 0.215522856 0.448814929
0.000000 2.721261501 -0.456492305 1.406484485 -0.075236663 0.865831792 0.213407815 0.446242124
0.000000 2.764521122 -0.505424857 1.400964379 -0.074595563 0.867467999 0.216261193 0.441775858
0.000000 2.812714577 -0.497334421 1.382992864 -0.075454623 0.868842244 0.215389743 0.439348459
0.000000 2.863699675 -0.491404653 1.368460417 -0.076439224 0.870261550 0.214449421 0.436821908
0.000000 2.914079666 -0.496004999 1.341976404 -0.077875651 0.871092319 0.214317635 0.434973091
0.000000 2.958068371 -0.496387184 1.326327324 -0.077949710 0.872212470 0.214157626 0.432788521
0.000000 3.001363993 -0.498754621 1.314963579 -0.078734420 0.873206556 0.213954628 0.430737495
0.000000 3.054679155 -0.500099778 1.287702560 -0.078023016 0.873844087 0.214936197 0.429081976
0.000000 3.099775553 -0.484444976 1.264478683 -0.078030445 0.874366105 0.214189380 0.428390145
0.000000 3.148697138 -0.483004212 1.238765001 -0.078798309 0.874760449 0.213505387 0.427785575
0.000000 3.196994781 -0.485937595 1.201746464 -0.079872735 0.874721646 0.214056641 0.427390069
0.000000 3.255885124 -0.476467371 1.172419548 -0.080214351 0.875247180 0.213964492 0.426294833
0.000000 3.316192150 -0.460263491 1.156124830 -0.080603555 0.876592100 0.212523788 0.424173355
0.000000 3.372594118 -0.466523409 1.112454653 -0.080212347 0.876711726 0.214327857 0.423091143
0.000000 3.422908545 -0.459771633 1.079863071 -0.080100767 0.876933634 0.213743389 0.422948062
0.000000 3.482573509 -0.444203854 1.055772305 -0.079459898 0.877832770 0.213254988 0.421447694
0.000000 3.536228180 -0.462183714 1.002158642 -0.079602331 0.877260387 0.215058655 0.421695948
0.000000 3.593136311 -0.464758396 0.969123125 -0.081045628 0.877293229 0.214606211 0.421583325
0.000000 3.640843391 -0.455925226 0.930688143 -0.079281278 0.877586961 0.214304879 0.421460629
0.000000 3.697001934 -0.459732294 0.890011311 -0.079206929 0.877528846 0.213789135 0.421857297
0.000000 3.750644207 -0.458890676 0.853419781 -0.078950219 0.878078878 0.212843642 0.421238661
0.000000 3.817648888 -0.465853930 0.811957359 -0.080035597 0.878276050 0.212157905 0.420968682
0.000000 3.862378597 -0.478277683 0.774450779 -0.080340102 0.878442109 0.211960092 0.420663655
0.000000 3.912589550 -0.496759295 0.720949650 -0.081245176 0.877783477 0.213088453 0.421294302
0.000000 3.953227043 -0.497650504 0.679467916 -0.078607813 0.878226399 0.213740647 0.420540273
0.000000 3.996837854 -0.507706523 0.646262884 -0.078912459 0.878494680 0.213591889 0.419998169
0.000000 4.056398392 -0.499653459 0.614869118 -0.080002598 0.878801405 0.212509483 0.419699222
0.000000 4.104454994 -0.498956800 0.571346283 -0.080202714 0.878719926 0.212630197 0.419770598
0.000000 4.157336235 -0.479249954 0.546983242 -0.079259083 0.879543483 0.212061137 0.418510914
0.000000 4.202678204 -0.466132045 0.513572693 -0.079041086 0.879643500 0.212023586 0.418360949
0.000000 4.258212566 -0.454999804 0.486818790 -0.078320727 0.880401671 0.212526485 0.416642874
0.000000 4.313127041 -0.437665105 0.463459492 -0.079422310 0.880805731 0.210827067 0.416443676
0.000000 4.344649315 -0.449887872 0.413607121 -0.076350339 0.880338192 0.214372709 0.416196704
0.000000 4.397931099 -0.450291753 0.389323711 -0.076048031 0.880387068 0.215288877 0.415675461
0.000000 4.458713531 -0.433572531 0.372916222 -0.075620800 0.881310523 0.213990331 0.414465249
0.000000 4.537369728 -0.405391932 0.324231625 -0.075067267 0.881394625 0.212744668 0.415027916
0.000000 4.605049610 -0.408615708 0.290642262 -0.076123640 0.881457210 0.212907284 0.414618969
0.000000 4.666887283 -0.412890553 0.246451378 -0.076409154 0.881101727 0.212695956 0.415429741
0.000000 4.750028610 -0.395882726 0.240829945 -0.077072904 0.882701039 0.210092589 0.413230956
0.000000 4.798902512 -0.452107072 0.181407452 -0.075457819 0.881987453 0.213963330 0.413066566
0.000000 4.874528885 -0.473657489 0.148507118 -0.075355664 0.882357717 0.214967608 0.411771119
0.000000 4.927941322 -0.478779674 0.113410473 -0.075436868 0.882434487 0.213862941 0.412166625
0.000000 5.006237984 -0.493636131 0.094186306 -0.075408079 0.883354902 0.213643476 0.410310060
0.000000 5.075506210 -0.481418252 0.044341087 -0.078669980 0.883080363 0.210149914 0.412088722
0.000000 5.149619102 -0.448555350 -0.010424614 -0.076949060 0.883241653 0.207140997 0.413588762
0.000000 5.183599472 -0.532265186 -0.040118217 -0.075452112 0.883107066 0.212235987 0.411563843
0.000000 5.283124924 -0.535872221 -0.075108528 -0.077144422 0.883409262 0.212327346 0.410553247
0.000000 5.327084541 -0.557107925 -0.090806484 -0.075826339 0.883825839 0.212145358 0.409995884
0.000000 5.376158237 -0.568005800 -0.126825333 -0.075395338 0.883875668 0.212724954 0.409667581
0.000000 5.442391872 -0.547920465 -0.174594402 -0.075081736 0.884284377 0.211467668 0.409494013
0.000000 5.501346588 -0.561313391 -0.213474274 -0.075113490 0.884703755 0.212768331 0.407905549
0.000000 5.614346504 -0.541450739 -0.252484798 -0.080442615 0.885313809 0.211414501 0.406266361
0.000000 5.634002209 -0.552975178 -0.282750130 -0.076910138 0.885806382 0.212740526 0.405183136
0.000000 5.681727886 -0.538016796 -0.302833080 -0.076681219 0.886452615 0.211181208 0.404628545
0.000000 5.751187801 -0.525954485 -0.341452122 -0.075671233 0.887128532 0.211696491 0.403065056
0.000000 5.800071239 -0.529575586 -0.380603790 -0.075157210 0.887176991 0.212815315 0.402465105
0.000000 5.854512215 -0.519755602 -0.413860798 -0.074299127 0.887688100 0.213073522 0.401359171
0.000000 5.898316383 -0.485362530 -0.468817234 -0.072665900 0.887740791 0.212115407 0.402048528
0.000000 5.961752892 -0.489791155 -0.515739918 -0.073017567 0.887714624 0.213034049 0.401556641
0.000000 6.025513649 -0.464431763 -0.566822529 -0.073384993 0.887847960 0.211912543 0.401788235
0.000000 6.097338676 -0.482115984 -0.611658096 -0.074364088 0.888330579 0.212758392 0.400090933
0.000000 6.160485268 -0.464824200 -0.670747280 -0.074548580 0.888574600 0.212290838 0.399762779
0.000000 6.208333015 -0.462817430 -0.724288940 -0.074331857 0.888583958 0.211823419 0.400030345
0.000000 6.289468288 -0.460954189 -0.786605358 -0.074802913 0.889108181 0.211298212 0.399054378
0.000000 6.354462624 -0.466375828 -0.838496208 -0.075115524 0.889554024 0.211067915 0.398122638
0.000000 6.423280716 -0.484036922 -0.892792225 -0.076127633 0.889971495 0.210986346 0.397039205
0.000000 6.478631020 -0.510961533 -0.964247704 -0.074802160 0.889983714 0.212089986 0.396675587
0.000000 6.522961617 -0.535135508 -1.024660587 -0.074368536 0.890331328 0.211602643 0.396236986
0.000000 6.591714859 -0.541000843 -1.089507103 -0.074331649 0.891069770 0.211101323 0.394849092
0.000000 6.658625126 -0.546374798 -1.156077385 -0.074902713 0.891776383 0.210345820 0.393546879
0.000000 6.723313332 -0.547087431 -1.214224815 -0.073930003 0.892695010 0.209877074 0.391894966
0.000000 6.788580894 -0.545428514 -1.273466587 -0.073578298 0.893504024 0.209450617 0.390342563
0.000000 6.847370625 -0.550173998 -1.333617210 -0.073093034 0.894244432 0.209075376 0.388936907
0.000000 6.909023285 -0.549550772 -1.387250900 -0.073146604 0.894830704 0.209147036 0.387537211
0.000000 6.936852455 -0.592923880 -1.418930054 -0.073342793 0.895002663 0.210770339 0.386221349
0.000000 7.005833149 -0.580522299 -1.462504387 -0.073601395 0.896009564 0.210254565 0.384112895
0.000000 7.049643040 -0.571463108 -1.528517723 -0.072438665 0.896355629 0.210349694 0.383474082
0.000000 7.114781380 -0.560081959 -1.573891640 -0.072581641 0.897162437 0.209799424 0.381858140
0.000000 7.177441120 -0.545500517 -1.634733200 -0.071614131 0.897858799 0.209612280 0.380504549
0.000000 7.245193481 -0.556819201 -1.683671951 -0.072253592 0.898297608 0.210509166 0.378849298
0.000000 7.299135208 -0.563660622 -1.739902496 -0.071238257 0.897951066 0.211704254 0.379196942
0.000000 7.362401962 -0.558782101 -1.772307396 -0.072274275 0.899073303 0.209398940 0.377618521
0.000000 7.439579487 -0.551949024 -1.824851036 -0.072796516 0.899942100 0.208425403 0.375983775
0.000000 7.491441727 -0.549474716 -1.891675949 -0.070987388 0.900352836 0.207708329 0.375743181
0.000000 7.569157124 -0.563765049 -1.933555603 -0.072494090 0.901106060 0.207246900 0.373899996
0.000000 7.642292023 -0.572465658 -1.993941307 -0.073040843 0.901319504 0.207541853 0.373114854
0.000000 7.703433990 -0.562838554 -2.050977707 -0.072216526 0.902273834 0.205555335 0.372066975
0.000000 7.785393238 -0.594238997 -2.113013268 -0.072624758 0.902805448 0.206789196 0.370008320
0.000000 7.823934078 -0.628494978 -2.163340569 -0.072931729 0.903176725 0.206993848 0.368925929
0.000000 7.897105694 -0.637372017 -2.211721420 -0.073867857 0.903899074 0.205963835 0.367544621
0.000000 7.935295582 -0.645826578 -2.277423859 -0.071241580 0.904085696 0.206832930 0.367115736
0.000000 8.015723228 -0.648815393 -2.326226234 -0.071345195 0.904883206 0.205860347 0.365674525
0.000000 8.065702438 -0.649729490 -2.370458603 -0.070956007 0.905337036 0.205164880 0.365017086
0.000000 8.141456604 -0.648380995 -2.425216675 -0.071479209 0.906139672 0.203680500 0.363752514
0.000000 8.192686081 -0.663682699 -2.471445084 -0.071674407 0.906522214 0.203685299 0.362756968
0.000000 8.231559753 -0.712323666 -2.491512299 -0.072774023 0.906713843 0.204739749 0.361463189
0.000000 8.289360046 -0.700065851 -2.558225632 -0.072515234 0.906594455 0.204351783 0.362033784
0.000000 8.339147568 -0.698508263 -2.595570564 -0.071816564 0.906826079 0.203684539 0.361969113
0.000000 8.388380051 -0.698498249 -2.665412903 -0.070190564 0.906400144 0.204944596 0.362642795
0.000000 8.441890717 -0.675373554 -2.726559639 -0.069884010 0.906618834 0.203589469 0.362918586
0.000000 8.476290703 -0.651984453 -2.766956329 -0.068520650 0.906803370 0.202933848 0.363084763
0.000000 8.536269188 -0.662907124 -2.820713997 -0.068295054 0.906724215 0.202827170 0.363384336
0.000000 8.585430145 -0.659260035 -2.867581367 -0.068161376 0.906886578 0.202348948 0.363270968
0.000000 8.632014275 -0.649883032 -2.938710213 -0.067103542 0.906331539 0.201979414 0.365054190
0.000000 8.683227539 -0.656373024 -2.990951538 -0.067183979 0.906021953 0.202040985 0.365773082
0.000000 8.731406212 -0.639820099 -3.058650017 -0.065750644 0.905921519 0.200646862 0.367047668
0.000000 8.776006699 -0.651362658 -3.120998383 -0.064288825 0.905465961 0.201091155 0.368185669
0.000000 8.841815948 -0.664212227 -3.175071716 -0.064977571 0.905252874 0.200865000 0.368711859
0.000000 8.879200935 -0.664832354 -3.246333122 -0.062416833 0.904788673 0.201234296 0.370089650
0.000000 8.947135925 -0.672357798 -3.300197601 -0.063922092 0.904636204 0.199778751 0.370992988
0.000000 9.008396149 -0.661730766 -3.348282814 -0.063468993 0.905201554 0.197195828 0.371073842
0.000000 9.058008194 -0.675015926 -3.409735680 -0.062373124 0.905100882 0.196642995 0.371797800
0.000000 9.107826233 -0.706390619 -3.465528488 -0.062429555 0.904767275 0.196837023 0.372496992
0.000000 9.172079086 -0.712376356 -3.534587860 -0.062031694 0.904652536 0.195881188 0.373344958
0.000000 9.202890396 -0.736152887 -3.555389404 -0.060689509 0.904905200 0.195238799 0.373289675
0.000000 9.248337746 -0.719490290 -3.595883369 -0.059402648 0.905130088 0.193357900 0.373929888
0.000000 9.302915573 -0.717403173 -3.640484810 -0.059345175 0.904899478 0.193168655 0.374594450
0.000000 9.352392197 -0.701716185 -3.721603394 -0.057909451 0.903975785 0.194376662 0.376419991
0.000000 9.382053375 -0.707613945 -3.751066208 -0.057898223 0.903640568 0.193962857 0.377438754
0.000000 9.439952850 -0.693651199 -3.776172638 -0.058066733 0.904046178 0.192625925 0.377126098
0.000000 9.504953384 -0.677426338 -3.855489731 -0.057852712 0.903141618 0.193275362 0.378989398
0.000000 9.551860809 -0.658737659 -3.879387856 -0.057070315 0.903454542 0.191662416 0.379181236
0.000000 9.604732513 -0.664082050 -3.947072983 -0.056621268 0.902711451 0.192804262 0.380437553
0.000000 9.666687012 -0.639970541 -3.986347198 -0.056886654 0.902748287 0.191532210 0.380952597
0.000000 9.732841492 -0.618004799 -4.038536072 -0.056647960 0.902778089 0.190565020 0.381402254
0.000000 9.803296089 -0.609647036 -4.093766212 -0.056538001 0.902764142 0.190565571 0.381451488
0.000000 9.865776062 -0.614432812 -4.143452644 -0.056165062 0.902744234 0.190384895 0.381643921
0.000000 9.933710098 -0.630093098 -4.195714951 -0.056430500 0.902747333 0.190349162 0.381615132
0.000000 9.992847443 -0.631295443 -4.244649887 -0.056062173 0.902809381 0.189912438 0.381740212
0.000000 10.047659874 -0.637739897 -4.292212486 -0.055980641 0.902718604 0.189405069 0.382218689
0.000000 10.124879837 -0.638036489 -4.346986771 -0.055773150 0.902999520 0.188725576 0.381921411
0.000000 10.193235397 -0.654095411 -4.410390854 -0.055833593 0.902596116 0.189798072 0.382334381
0.000000 10.260917664 -0.668245792 -4.453304291 -0.055515800 0.902772248 0.189683452 0.382021606
0.000000 10.320753098 -0.693103790 -4.492149353 -0.055933367 0.902828217 0.189874932 0.381733239
0.000000 10.379238129 -0.704816341 -4.550549507 -0.055283215 0.902541578 0.189534515 0.382673770
0.000000 10.438486099 -0.726194382 -4.591798782 -0.055239987 0.902621329 0.189847454 0.382336617
0.000000 10.508708954 -0.737251759 -4.632743835 -0.055510312 0.902929068 0.189612746 0.381686777
0.000000 10.557847023 -0.741639137 -4.698000908 -0.054767713 0.902523756 0.189700633 0.382707566
0.000000 10.627319336 -0.741597652 -4.751641273 -0.055427983 0.902707994 0.189549893 0.382252425
0.000000 10.680131912 -0.740471840 -4.781376839 -0.055507101 0.902968287 0.189100504 0.381848514
0.000000 10.736392975 -0.740552425 -4.816852570 -0.055169217 0.903221011 0.188735455 0.381480336
0.000000 10.783384323 -0.733798027 -4.873247147 -0.054081734 0.902756035 0.189163953 0.382522851
0.000000 10.844495773 -0.717499256 -4.916709900 -0.054551274 0.902965426 0.187930271 0.382570088
0.000000 10.915657043 -0.706584454 -4.976755142 -0.054615293 0.903073132 0.188085139 0.382230371
0.000000 10.940797806 -0.705851555 -5.038177490 -0.052974664 0.902579844 0.189021692 0.383163363
0.000000 11.000993729 -0.705817223 -5.097604752 -0.053432994 0.902372777 0.189347938 0.383426249
0.000000 11.065361023 -0.695101261 -5.133596420 -0.053492408 0.902772844 0.189060420 0.382617176
0.000000 11.116481781 -0.689888477 -5.194317818 -0.053429425 0.902460337 0.188750938 0.383515000
0.000000 11.193699837 -0.686408043 -5.270128250 -0.053199481 0.902412653 0.189327851 0.383374780
0.000000 11.271686554 -0.680685043 -5.310292244 -0.053824384 0.903403223 0.188003033 0.381602675
0.000000 11.340139389 -0.690267086 -5.377716064 -0.054100860 0.903252780 0.188611358 0.381619275
0.000000 11.402322769 -0.700635910 -5.429957390 -0.054180034 0.903363228 0.188163191 0.381567955
0.000000 11.475402832 -0.708065033 -5.493899345 -0.054304484 0.903561532 0.186980754 0.381662011
0.000000 11.536287308 -0.711537361 -5.551735878 -0.053380087 0.903776705 0.185964912 0.381779283
0.000000 11.601034164 -0.717061996 -5.616045952 -0.053755976 0.903838933 0.184702054 0.382191986
0.000000 11.631797791 -0.758624077 -5.682929039 -0.051800221 0.903496027 0.186673522 0.382315040
0.000000 11.680679321 -0.774924278 -5.751803398 -0.051211219 0.903283358 0.187662899 0.382412434
0.000000 11.743604660 -0.775883198 -5.810532570 -0.051384989 0.903393209 0.187059984 0.382425070
0.000000 11.795614243 -0.783322334 -5.859459877 -0.051469088 0.903463721 0.186591834 0.382475942
0.000000 11.850398064 -0.793074131 -5.922181129 -0.051427748 0.903303444 0.186604574 0.382853627
0.000000 11.905649185 -0.769709110 -5.965011597 -0.050873913 0.903636754 0.184666038 0.383080810
0.000000 11.954326630 -0.778725147 -6.033809662 -0.050660815 0.902928412 0.185568660 0.384341240
0.000000 12.016338348 -0.771050453 -6.070878983 -0.050251450 0.902850747 0.185381636 0.384667307
0.000000 12.058633804 -0.783301353 -6.127838135 -0.049928520 0.902252018 0.185381249 0.386111856
0.000000 12.127025604 -0.751605511 -6.194955826 -0.048586715 0.902127564 0.184555396 0.386968493
0.000000 12.188304901 -0.764646530 -6.228786469 -0.048870083 0.901896715 0.185940132 0.386807829
0.000000 12.244805336 -0.776715279 -6.277982712 -0.049722113 0.901626408 0.186219096 0.387195170
0.000000 12.322766304 -0.762523651 -6.328622818 -0.049369633 0.901739895 0.185309395 0.387412339
0.000000 12.378833771 -0.767736435 -6.387004852 -0.049371544 0.901354849 0.185960039 0.387995869
0.000000 12.450010300 -0.760077477 -6.419273376 -0.048878692 0.901803076 0.184753045 0.387593150
0.000000 12.497932434 -0.781601429 -6.480072975 -0.048216041 0.901111543 0.185946107 0.388712317
0.000000 12.567508698 -0.790359020 -6.541769028 -0.047319744 0.900824189 0.186498225 0.389223665
0.000000 12.674236298 -0.796955109 -6.603663445 -0.048550334 0.901173949 0.183337808 0.389763594
0.000000 12.701110840 -0.865614891 -6.639175415 -0.048407245 0.900631368 0.185884804 0.389829159
0.000000 12.776798248 -0.897747517 -6.681096077 -0.048054814 0.901061237 0.186012223 0.388817430
0.000000 12.872068405 -0.909997463 -6.759572983 -0.048390049 0.901015282 0.185974911 0.388900012
0.000000 12.923282623 -0.936925888 -6.816684723 -0.047465224 0.900446057 0.185974583 0.390329897
0.000000 12.980395317 -0.956562042 -6.863115311 -0.047043160 0.900380969 0.185628325 0.390695900
0.000000 13.088270187 -0.972964764 -6.929330826 -0.046170305 0.900397003 0.186317012 0.390435159
0.000000 13.109317780 -0.972500801 -6.967287064 -0.045876380 0.900166512 0.184499800 0.391861647
0.000000 13.178513527 -0.983626842 -7.021064758 -0.045615509 0.900518358 0.184414566 0.391123205
0.000000 13.223502159 -0.985099316 -7.071001053 -0.044624068 0.900703132 0.183836848 0.391084015
0.000000 13.308766365 -0.974055767 -7.147043228 -0.043736573 0.900602818 0.184628546 0.391042084
0.000000 13.367607117 -0.985372543 -7.213050842 -0.043597881 0.900158703 0.185297832 0.391763180
0.000000 13.434864044 -0.988196850 -7.267850876 -0.044699740 0.900252581 0.184511304 0.391794413
0.000000 13.501815796 -0.966729164 -7.323223114 -0.044019781 0.900298297 0.183880404 0.392062783
0.000000 13.551695824 -0.957871914 -7.394218445 -0.043146916 0.899985373 0.184132636 0.392759413
0.000000 13.625043869 -0.941253185 -7.443065643 -0.043507222 0.900326312 0.183997706 0.392000705
0.000000 13.686117172 -0.937493801 -7.504154205 -0.043111853 0.900460780 0.184156388 0.391660750
0.000000 13.755877495 -0.905549049 -7.567827225 -0.041988328 0.900792718 0.183594361 0.391283363
0.000000 13.812654495 -0.918056488 -7.653585434 -0.041748729 0.899878204 0.185302630 0.392605782
0.000000 13.876045227 -0.905200005 -7.715135574 -0.041295335 0.900338113 0.184739172 0.391864002
0.000000 13.942771912 -0.903951645 -7.796028137 -0.041121773 0.900242090 0.184797123 0.392075598
0.000000 14.002707481 -0.901192665 -7.859704971 -0.040964477 0.900396168 0.184435606 0.391908556
0.000000 14.066631317 -0.905903816 -7.932867050 -0.040022012 0.900104046 0.184663311 0.392569065
0.000000 14.123812675 -0.925434589 -7.964307785 -0.040797364 0.900358200 0.183544725 0.392431021
0.000000 14.192737579 -0.933170795 -8.051961899 -0.040086109 0.900145710 0.183353141 0.393080622
0.000000 14.260176659 -0.936261177 -8.144224167 -0.039135814 0.899538517 0.183136865 0.394664109
0.000000 14.311155319 -0.949280262 -8.223894119 -0.038922537 0.898727834 0.183031410 0.396576494
0.000000 14.366981506 -0.954885960 -8.281679153 -0.037971713 0.898524106 0.182657197 0.397302151
0.000000 14.414909363 -0.962833405 -8.359058380 -0.037538759 0.897965133 0.181967184 0.398920447
0.000000 14.472105026 -0.949128628 -8.419235229 -0.036628157 0.898279667 0.180657938 0.398891926
0.000000 14.544473648 -0.974013805 -8.481140137 -0.037460372 0.898096025 0.182371408 0.398448229
0.000000 14.598121643 -0.977674484 -8.520078659 -0.037214115 0.898691177 0.181943104 0.397323698
0.000000 14.670125961 -0.981294632 -8.579835892 -0.036184527 0.899218142 0.182294101 0.396063566
0.000000 14.717048645 -0.980660439 -8.630020142 -0.036206253 0.899531007 0.182281137 0.395356357
0.000000 14.794750214 -0.977216721 -8.686677933 -0.035333481 0.900486887 0.182927087 0.392953813
0.000000 14.857685089 -0.957646847 -8.755619049 -0.034274016 0.901418149 0.182257906 0.391219527
0.000000 14.911756516 -0.935177326 -8.788980484 -0.035263088 0.902438045 0.180415675 0.389631003
0.000000 14.984596252 -0.935743809 -8.862462997 -0.034376275 0.903382361 0.181057066 0.387217015
0.000000 15.056101799 -0.943404675 -8.904031754 -0.034206308 0.904475212 0.181234777 0.384588808
0.000000 15.108654022 -0.953954697 -8.964120865 -0.034467109 0.905318081 0.181497872 0.382452399
0.000000 15.201802254 -0.943894386 -9.032371521 -0.034945678 0.906751513 0.180851251 0.379306436
0.000000 15.278347015 -0.958487511 -9.073850632 -0.034842145 0.908586502 0.180414885 0.375109375
0.000000 15.363013268 -0.948439598 -9.127130508 -0.034999918 0.910679877 0.178583950 0.370870650
0.000000 15.435480118 -0.970772743 -9.205102921 -0.034784131 0.912339270 0.178925857 0.366623461
0.000000 15.508073807 -1.006838322 -9.263427734 -0.034895945 0.914202452 0.180271477 0.361273348
0.000000 15.601800919 -1.038531303 -9.317472458 -0.037959941 0.915888727 0.180032477 0.356784552
0.000000 15.659979820 -1.038727283 -9.362260818 -0.037186109 0.917842805 0.178911641 0.352381289
0.000000 15.732189178 -1.055404186 -9.418130875 -0.036793042 0.919491708 0.178754017 0.348178625
0.000000 15.802265167 -1.103001595 -9.451866150 -0.037754793 0.921409070 0.180272147 0.342172384
0.000000 15.854751587 -1.105854511 -9.514280319 -0.037294820 0.923001230 0.179564938 0.338281453
0.000000 15.916650772 -1.112370014 -9.584281921 -0.037636161 0.925095499 0.178897858 0.332832545
0.000000 16.003948212 -1.104081631 -9.643741608 -0.040667389 0.927054107 0.177937001 0.327498496
0.000000 16.059669495 -1.106232166 -9.715282440 -0.041164193 0.928526938 0.178381398 0.322991252
0.000000 16.126131058 -1.082293510 -9.772008896 -0.041129477 0.930509448 0.177321821 0.317832708
0.000000 16.184850693 -1.094943047 -9.835203171 -0.041402165 0.932175756 0.178646967 0.312121063
0.000000 16.231863022 -1.105432510 -9.913459778 -0.041750100 0.933667183 0.179666370 0.306989700
0.000000 16.279497147 -1.069860458 -9.972614288 -0.042682491 0.935742259 0.178188413 0.301352769
0.000000 16.336219788 -1.036444664 -10.022136688 -0.043325551 0.938229799 0.176813081 0.294253170
0.000000 16.388610840 -1.022671700 -10.089675903 -0.043210104 0.940338671 0.177099898 0.287283480
0.000000 16.423236847 -1.002009392 -10.159399033 -0.043002550 0.942797363 0.176158279 0.279736012
0.000000 16.455892563 -0.990675449 -10.231681824 -0.041637652 0.945017934 0.176237866 0.272300869
0.000000 16.495685577 -1.023320675 -10.313747406 -0.044347327 0.947003722 0.177231833 0.264208555
0.000000 16.547149658 -1.045106411 -10.366178513 -0.045967668 0.949721575 0.177463055 0.253816426
0.000000 16.575458527 -1.030991554 -10.448669434 -0.044295747 0.952224016 0.177558407 0.244500428
0.000000 16.615098953 -1.049466133 -10.539188385 -0.044764653 0.954492748 0.178416654 0.234749481
0.000000 16.681306839 -1.041081905 -10.606470108 -0.045555346 0.957411468 0.177262351 0.223307312
0.000000 16.704673767 -1.086350441 -10.681566238 -0.045966301 0.959392190 0.179059088 0.213053286
0.000000 16.760585785 -1.107488632 -10.746351242 -0.045740355 0.962013841 0.178758234 0.201202959
0.000000 16.808919907 -1.114956379 -10.824615479 -0.045998957 0.964408278 0.178842828 0.189251170
0.000000 16.826057434 -1.125489712 -10.888452530 -0.044172496 0.966668129 0.177502692 0.179148957
0.000000 16.891796112 -1.087445736 -10.948251724 -0.046272736 0.969365537 0.173173025 0.167929694
0.000000 16.932739258 -1.081969261 -11.022260666 -0.045622237 0.971604943 0.171949342 0.156000003
0.000000 16.991437912 -1.046443462 -11.086130142 -0.046778545 0.974104941 0.168299630 0.143550143
0.000000 17.045047760 -1.072955608 -11.157127380 -0.048715588 0.975681663 0.168559164 0.131376982
0.000000 17.117671967 -1.045625687 -11.227607727 -0.047745500 0.977675855 0.166905060 0.118376486
0.000000 17.147062302 -1.048753738 -11.301580429 -0.047298856 0.978913546 0.166887477 0.107887462
0.000000 17.182083130 -0.980672836 -11.361692429 -0.045537949 0.980843842 0.162712127 0.096935064
0.000000 17.230285645 -1.015277863 -11.426787376 -0.046937246 0.981519222 0.163891509 0.086928934
0.000000 17.272232056 -0.965487957 -11.517316818 -0.044842903 0.982861042 0.161614016 0.076513231
0.000000 17.368709564 -0.925907135 -11.583199501 -0.045706742 0.984126985 0.159250349 0.063595384
0.000000 17.405769348 -0.907289028 -11.656723022 -0.044696525 0.985078454 0.157135636 0.054140899
0.000000 17.455329895 -0.906525612 -11.732027054 -0.042814255 0.985931337 0.155531511 0.043776173
0.000000 17.492568970 -0.893095493 -11.804195404 -0.040949583 0.986663461 0.153774977 0.034230568
0.000000 17.592334747 -0.889474392 -11.908850670 -0.043938078 0.987058818 0.152514279 0.022884740
0.000000 17.639659882 -0.885787964 -11.987616539 -0.043987542 0.987519562 0.150714725 0.012463828
0.000000 17.664571762 -0.874974251 -12.024083138 -0.041997705 0.988222599 0.147128806 0.002342106
0.000000 17.711875916 -0.860884666 -12.085964203 0.039116040 -0.988743424 -0.144103274 0.009527963
0.000000 17.776117325 -0.861309052 -12.273376465 0.041156601 -0.988293171 -0.145365566 0.021253390
0.000000 17.813169479 -0.847330570 -12.361661911 0.041374300 -0.988235950 -0.143559650 0.032688674
0.000000 17.795982361 -0.768680096 -12.412171364 0.033181079 -0.988982141 -0.137828499 0.042622108
0.000000 17.839683533 -0.823446751 -12.490009308 0.036208279 -0.988038838 -0.139713675 0.054299057
0.000000 17.863536835 -0.860245228 -12.552795410 0.037573881 -0.987302244 -0.140502140 0.063888155
0.000000 17.862779617 -0.856605530 -12.616285324 0.035755031 -0.986760616 -0.139727622 0.074171044
0.000000 17.866571426 -0.849238873 -12.687440872 0.034666911 -0.985862792 -0.139771506 0.085655503
0.000000 17.879318237 -0.837459564 -12.720706940 0.032136530 -0.985200167 -0.137375206 0.097344197
0.000000 17.910049438 -0.814710855 -12.809381485 0.033462852 -0.983975053 -0.136785194 0.109376706
0.000000 17.855920792 -0.819191694 -12.850086212 0.028146790 -0.983094156 -0.136658907 0.118566602
0.000000 17.832035065 -0.772307158 -12.919955254 0.026606021 -0.982280672 -0.134076878 0.128219560
0.000000 17.873023987 -0.687123537 -13.027351379 0.024521604 -0.980940759 -0.130480051 0.141876638
0.000000 17.879669189 -0.651467323 -13.090475082 0.023073176 -0.979657114 -0.129172996 0.151835725
0.000000 17.868322372 -0.621311903 -13.159748077 0.019807160 -0.978304029 -0.128139332 0.161584094
0.000000 17.849239349 -0.584271431 -13.216772079 0.016646568 -0.977365971 -0.126171798 0.168995410
0.000000 17.828348160 -0.556125641 -13.296775818 0.013021507 -0.976081967 -0.125106126 0.177321658
0.000000 17.816251755 -0.544258475 -13.360727310 0.011273187 -0.974701583 -0.124162696 0.185508564
0.000000 17.795974731 -0.521008372 -13.421380997 0.008120708 -0.973565519 -0.121732667 0.193094492
0.000000 17.766527176 -0.503325939 -13.493940353 0.007779919 -0.972086847 -0.120510258 0.201156706
0.000000 17.750032425 -0.484752893 -13.594434738 0.007603461 -0.970253110 -0.119134992 0.210613385
0.000000 17.758789062 -0.448695302 -13.661199570 0.008518430 -0.968361735 -0.117075555 0.220218852
0.000000 17.756975174 -0.423885107 -13.722398758 0.006284820 -0.966013610 -0.115478061 0.231177539
0.000000 17.792695999 -0.368417621 -13.822016716 0.013357042 -0.963480473 -0.111939192 0.242892414
0.000000 17.814685822 -0.290416956 -13.961467743 0.014768252 -0.960847497 -0.108298101 0.254608661
0.000000 17.827547073 -0.243962526 -14.118530273 0.013335918 -0.957473695 -0.107651398 0.267352700
0.000000 17.838104248 -0.176027060 -14.278829575 0.013408026 -0.953917623 -0.105080880 0.280747861
0.000000 17.757944107 -0.216527760 -14.344871521 0.011124039 -0.951889694 -0.106078565 0.287279755
0.000000 17.764217377 -0.251868010 -14.385193825 0.012471488 -0.949027658 -0.104745187 0.297017604
0.000000 17.758815765 -0.230938673 -14.439355850 0.011183564 -0.945841908 -0.102381557 0.307857335
0.000000 17.742347717 -0.193626881 -14.531469345 0.010373088 -0.942699611 -0.100040853 0.318122238
0.000000 17.745534897 -0.238010347 -14.629625320 0.011954897 -0.938874185 -0.101543240 0.328726858
0.000000 17.710245132 -0.239463776 -14.672069550 0.009035453 -0.936027706 -0.099933513 0.337318659
0.000000 17.722743988 -0.178903222 -14.749509811 0.010257572 -0.932476163 -0.096502222 0.347951680
0.000000 17.688638687 -0.164797485 -14.879984856 0.009657270 -0.928341627 -0.096397489 0.358881682
0.000000 17.689960480 -0.135022178 -14.965881348 0.008497587 -0.924311519 -0.094144918 0.369747013
0.000000 17.671241760 -0.072482347 -15.086238861 0.009086820 -0.920515656 -0.090821698 0.379894406
0.000000 17.668607712 -0.138867438 -15.134647369 0.008839194 -0.916751444 -0.092251465 0.388559371
0.000000 17.626140594 -0.102639824 -15.241348267 0.007948761 -0.912863731 -0.089620292 0.398227245
0.000000 17.608190536 -0.050764859 -15.359609604 0.008525616 -0.908511102 -0.086995549 0.408615619
0.000000 17.554309845 0.065647006 -15.476407051 0.007462947 -0.904909492 -0.081819274 0.417598844
0.000000 17.610136032 -0.099036366 -15.508424759 0.006693763 -0.899520755 -0.087565683 0.427960247
0.000000 17.600385666 -0.016347289 -15.684566498 0.007115458 -0.893649399 -0.084655046 0.440651506
0.000000 17.454254150 -0.153606653 -15.728590012 0.002092568 -0.890963733 -0.089742616 0.445112973
0.000000 17.427055359 -0.122315466 -15.833227158 0.000289068 -0.885864794 -0.088012204 0.455518812
0.000000 17.564542770 -0.140884638 -15.884410858 0.002739294 -0.879108429 -0.087128662 0.468582511
0.000000 17.539398193 -0.112241626 -16.026199341 0.002686736 -0.872817576 -0.086243108 0.480358571
0.000000 17.493785858 -0.129051268 -16.104623795 0.001181267 -0.867801785 -0.086012177 0.489408553
0.000000 17.467250824 -0.131480932 -16.201368332 -0.000609435 -0.862063825 -0.085795701 0.499484360
0.000000 17.500659943 -0.211793542 -16.182331085 -0.002328592 -0.857270062 -0.087267801 0.507412016
0.000000 17.457599640 -0.218131661 -16.255235672 -0.003051477 -0.852913857 -0.087565705 0.514646411
0.000000 17.453739166 -0.203565955 -16.340515137 -0.002973827 -0.848211348 -0.087464303 0.522378027
0.000000 17.428848267 -0.208569050 -16.385644913 -0.003803317 -0.844676077 -0.088070825 0.527969241
0.000000 17.402057648 -0.201138258 -16.465827942 -0.003744248 -0.841798306 -0.089098386 0.532375097
0.000000 17.371236801 -0.190205574 -16.542388916 -0.003465653 -0.839815915 -0.090238899 0.535307646
0.000000 17.334640503 -0.159794092 -16.598705292 -0.004296334 -0.838421881 -0.090370320 0.537460327
0.000000 17.327413559 -0.200679302 -16.590431213 -0.006446304 -0.838049591 -0.092355065 0.537681937
0.000000 17.303092957 -0.196460962 -16.639095306 -0.006983668 -0.837243915 -0.093637198 0.538707733
0.000000 17.276092529 -0.200044155 -16.679065704 -0.008216338 -0.836840212 -0.095603198 0.538972139
0.000000 17.260934830 -0.193623066 -16.742092133 -0.008111846 -0.835709035 -0.096523382 0.540562570
0.000000 17.226070404 -0.187756658 -16.795919418 -0.009206503 -0.835295081 -0.097455770 0.541017354
0.000000 17.194156647 -0.192138195 -16.857727051 -0.010712753 -0.834927022 -0.098756321 0.541321814
0.000000 17.154462814 -0.198240876 -16.923954010 -0.011725854 -0.834446192 -0.100248925 0.541767776
0.000000 17.140850067 -0.230377793 -16.957305908 -0.012058242 -0.834199548 -0.102609642 0.541698337
0.000000 17.098289490 -0.237540126 -17.006252289 -0.013933917 -0.834133387 -0.103334099 0.541617513
0.000000 17.075807571 -0.227775931 -17.074312210 -0.014797105 -0.833790302 -0.105239995 0.541755915
0.000000 17.030498505 -0.246196032 -17.138553619 -0.016763456 -0.833467960 -0.107531197 0.541744709
0.000000 16.987651825 -0.265521765 -17.187919617 -0.018022105 -0.833496511 -0.109398499 0.541286230
0.000000 16.937122345 -0.277348518 -17.231510162 -0.019751536 -0.833722651 -0.110530339 0.540647328
0.000000 16.895467758 -0.272438765 -17.270290375 -0.020693362 -0.834013283 -0.111163840 0.540033579
0.000000 16.829004288 -0.303958654 -17.338088989 -0.021540023 -0.833658397 -0.113948703 0.539968073
0.000000 16.792623520 -0.314643860 -17.375370026 -0.022896947 -0.833697259 -0.114827529 0.539665997
0.000000 16.730932236 -0.351287842 -17.436405182 -0.023958813 -0.833275735 -0.117219262 0.539756715
0.000000 16.672975540 -0.369906902 -17.477176666 -0.025122654 -0.833289027 -0.118582860 0.539385140
0.000000 16.626619339 -0.370087862 -17.526369095 -0.025601795 -0.832990646 -0.118639529 0.539810896
0.000000 16.580018997 -0.377149105 -17.572303772 -0.026103886 -0.832693517 -0.118879281 0.540192485
0.000000 16.531089783 -0.396757841 -17.625770569 -0.026930166 -0.832178593 -0.119517133 0.540804327
0.000000 16.479986191 -0.413052559 -17.691833496 -0.027774716 -0.831414044 -0.120274790 0.541768730
0.000000 16.427701950 -0.408389330 -17.722129822 -0.028755963 -0.831216872 -0.119587466 0.542171955
0.000000 16.372190475 -0.403255224 -17.786262512 -0.029635319 -0.830503047 -0.119883604 0.543152273
0.000000 16.311130524 -0.407209158 -17.824609756 -0.030984685 -0.830232501 -0.119886152 0.543489933
0.000000 16.263830185 -0.415731668 -17.879993439 -0.031516626 -0.829534292 -0.120541126 0.544379950
0.000000 16.189369202 -0.430321693 -17.934200287 -0.032509927 -0.829210639 -0.121425010 0.544618070
0.000000 16.120450974 -0.419008493 -17.992141724 -0.033199236 -0.828703940 -0.120561086 0.545538962
0.000000 16.047414780 -0.420642853 -18.055908203 -0.033471558 -0.828536391 -0.120067477 0.545885563
0.000000 15.967662811 -0.452630520 -18.126060486 -0.034610968 -0.827947199 -0.120744623 0.546558619
0.000000 15.880332947 -0.499985933 -18.206933975 -0.035555065 -0.827533066 -0.121484473 0.546961188
0.000000 15.802347183 -0.525920391 -18.280082703 -0.035780877 -0.827286303 -0.121133745 0.547397196
0.000000 15.714298248 -0.556076288 -18.359203339 -0.035485994 -0.827299893 -0.120437734 0.547549546
0.000000 15.631774902 -0.594999790 -18.418659210 -0.035294946 -0.827371657 -0.119558387 0.547646224
0.000000 15.553367615 -0.638914108 -18.488346100 -0.035467602 -0.827245295 -0.118865304 0.547976553
0.000000 15.493755341 -0.681589842 -18.551746368 -0.035247520 -0.826895058 -0.119416833 0.548399329
0.000000 15.412952423 -0.730699539 -18.620235443 -0.035448816 -0.826229155 -0.118143931 0.549664259
0.000000 15.348123550 -0.771938324 -18.693523407 -0.034638990 -0.825508177 -0.118310869 0.550762117
0.000000 15.275556564 -0.814543962 -18.741428375 -0.034764115 -0.825734913 -0.117447302 0.550599277
0.000000 15.223442078 -0.835210085 -18.808837891 -0.033763517 -0.825308442 -0.117248699 0.551342785
0.000000 15.127334595 -0.847970486 -18.879817963 -0.033737566 -0.825257540 -0.116344094 0.551612079
0.000000 15.053783417 -0.896438599 -18.948265076 -0.034188010 -0.824715912 -0.116512567 0.552358329
0.000000 14.968122482 -0.898639321 -18.994350433 -0.034316372 -0.824520826 -0.115238041 0.552908719
0.000000 14.893653870 -0.908331633 -19.040664673 -0.034306664 -0.823849618 -0.114042662 0.554156184
0.000000 14.826238632 -0.932742596 -19.105522156 -0.033851437 -0.823017418 -0.114204705 0.555386126
0.000000 14.756822586 -0.951008081 -19.145404816 -0.033721015 -0.822728395 -0.113580652 0.555950046
0.000000 14.663499832 -0.968140006 -19.177696228 -0.033812903 -0.822436869 -0.112624206 0.556569993
0.000000 14.571962357 -0.997508407 -19.224319458 -0.034607165 -0.821976840 -0.112960897 0.557132185
0.000000 14.497554779 -0.994862795 -19.271911621 -0.034161784 -0.821412325 -0.112028532 0.558179617
0.000000 14.399890900 -0.989922285 -19.307102203 -0.034124259 -0.821712971 -0.111177914 0.557909369
0.000000 14.304836273 -0.992119074 -19.360126495 -0.033401892 -0.821548343 -0.110890307 0.558252633
0.000000 14.214393616 -1.018603563 -19.408390045 -0.034081969 -0.821395338 -0.110399820 0.558533788
0.000000 14.101747513 -1.035437346 -19.452690125 -0.033857655 -0.821664095 -0.109579861 0.558313608
0.000000 14.009107590 -1.055366874 -19.503377914 -0.032964144 -0.821881413 -0.108983882 0.558163881
0.000000 13.898431778 -1.079593062 -19.539157867 -0.032601725 -0.822775066 -0.107879952 0.557081878
0.000000 13.792545319 -1.118862629 -19.594499588 -0.032782845 -0.822901905 -0.106936850 0.557065845
0.000000 13.703466415 -1.156957626 -19.654645920 -0.032493379 -0.823158979 -0.105855852 0.556909442
0.000000 13.584608078 -1.187066078 -19.690612793 -0.033318639 -0.823919952 -0.103835605 0.556115091
0.000000 13.514574051 -1.229899168 -19.770174026 -0.026509924 -0.829031110 -0.103320241 0.548935115
0.000000 13.436323166 -1.328520298 -19.823896408 -0.020897778 -0.835049093 -0.103098296 0.540025175
0.000000 13.363897324 -1.369188547 -19.882946014 -0.010503570 -0.840083659 -0.100470580 0.532968044
0.000000 13.293033600 -1.427701235 -19.914623260 -0.002174119 -0.844737947 -0.099322595 0.525878429
0.000000 13.234992981 -1.451339245 -19.954124451 0.002024749 -0.848049462 -0.099524446 0.520483375
0.000000 13.141214371 -1.518679142 -19.997285843 0.001582820 -0.850334823 -0.099326447 0.516780853
0.000000 13.051088333 -1.542948961 -20.046312332 0.002029348 -0.851565242 -0.098611228 0.514886796
0.000000 12.956491470 -1.553954005 -20.086505890 0.002758229 -0.852340341 -0.098150581 0.513687551
0.000000 12.862417221 -1.564741611 -20.126472473 0.003328246 -0.852824926 -0.098200709 0.512869596
0.000000 12.784648895 -1.604729295 -20.189256668 0.003167020 -0.852788210 -0.099453323 0.512690306
0.000000 12.699060440 -1.603565574 -20.211606979 0.002564288 -0.852917552 -0.098783337 0.512607932
0.000000 12.611616135 -1.617010951 -20.251859665 0.001050313 -0.853019595 -0.098838888 0.512432814
0.000000 12.514102936 -1.623009324 -20.311649323 0.000281502 -0.852534294 -0.098429970 0.513319373
0.000000 12.422183990 -1.625616312 -20.358369827 -0.000201114 -0.852266669 -0.097748674 0.513893723
0.000000 12.325082779 -1.661396027 -20.416913986 -0.000384839 -0.851679146 -0.099081598 0.514611900
0.000000 12.250652313 -1.682406068 -20.423580170 -0.001590339 -0.850130081 -0.097632602 0.517440140
0.000000 12.150316238 -1.692819357 -20.476808548 -0.004136545 -0.847908676 -0.095532343 0.521447420
0.000000 12.054866791 -1.707346439 -20.534538269 -0.005877422 -0.846047819 -0.093449555 0.524819851
