0.000000 0.000000000 0.000000000 0.000000000 -0.000000000 -0.000000000 -0.000000000 1.000000000
0.000000 -0.003920276 -0.005872825 0.023741895 0.005601446 -0.005268078 -0.001705846 0.999969006
0.000000 -0.003948994 -0.006498678 0.028439060 0.005620496 -0.005234211 -0.001777087 0.999968946
0.000000 -0.003711421 -0.009097788 0.046503775 0.006028278 -0.004996562 -0.001917058 0.999967515
0.000000 -0.001840827 -0.013536491 0.067786790 0.006424598 -0.004995483 -0.001608117 0.999965608
0.000000 -0.001721266 -0.021554088 0.093138561 0.007316757 -0.005394191 -0.001380467 0.999957740
0.000000 -0.012415370 -0.129085615 0.370439023 0.011549888 0.003473033 0.000718198 0.999927044
0.000000 0.004814815 -0.148406923 0.433069110 0.011926071 0.001914585 0.001092484 0.999926507
0.000000 0.023890197 -0.168914676 0.488936603 0.012182899 -0.000948713 0.002032447 0.999923289
0.000000 0.026812876 -0.183224946 0.540964723 0.012631699 -0.004820223 0.002424158 0.999905646
0.000000 0.021540998 -0.195555106 0.595158100 0.012915163 -0.009762412 0.002328989 0.999866247
0.000000 0.008656206 -0.227275431 0.705483794 0.014970427 -0.014128136 0.001347363 0.999787211
0.000000 -0.010126295 -0.270877898 0.790583014 0.018897101 -0.011714397 0.002147737 0.999750495
0.000000 -0.019750012 -0.322741002 0.888501942 0.023427492 -0.008824236 0.001705675 0.999685168
0.000000 -0.013054767 -0.345797807 0.967678845 0.026221400 -0.001029911 0.001665007 0.999654233
0.000000 0.004781913 -0.366900861 1.082179546 0.027799413 0.009394633 0.002507076 0.999566257
0.000000 0.037211601 -0.409187883 1.187759042 0.032210153 0.016680108 0.003765285 0.999334872
0.000000 0.061045639 -0.447964579 1.273503900 0.041431416 0.036732275 0.005934120 0.998448312
0.000000 0.068650655 -0.479547858 1.357034445 0.050356768 0.065650403 0.007732548 0.996541262
0.000000 0.072703272 -0.522951961 1.481773734 0.055723224 0.115024947 0.010110742 0.991746902
0.000000 0.066876501 -0.612322807 1.638315082 0.060959041 0.203723893 0.015960054 0.976998389
0.000000 0.100377098 -0.644904852 1.738760591 0.052478671 0.306043357 0.035948820 0.949890077
0.000000 0.157195628 -0.657907724 1.814008355 0.033448022 0.380319685 0.055239815 0.922597826
0.000000 0.223331869 -0.674526036 1.857771397 0.017942594 0.443489343 0.072128274 0.893192470
0.000000 0.270000458 -0.689288020 1.889297485 0.008342708 0.494865268 0.085678451 0.864695311
0.000000 0.303171158 -0.695642412 1.916385174 -0.001119478 0.533341825 0.097091563 0.840308547
0.000000 0.406156063 -0.702082276 1.945833087 -0.035091486 0.628783584 0.134796143 0.765003145
0.000000 0.462997317 -0.692794323 1.955201268 -0.043850347 0.661746264 0.148693860 0.733525157
0.000000 0.527495384 -0.670494735 1.958063841 -0.043074932 0.690909266 0.158542961 0.704026341
0.000000 0.625637054 -0.648882985 1.961276174 -0.042192671 0.716543496 0.164387569 0.676581144
0.000000 0.713242292 -0.615214586 1.955101013 -0.038234543 0.740911722 0.170623332 0.648440957
0.000000 0.888774037 -0.548721671 1.943337083 -0.033884775 0.786518097 0.181546465 0.589306474
0.000000 0.946767569 -0.530821681 1.928976178 -0.034650169 0.807768464 0.186987817 0.557983100
0.000000 1.023583412 -0.524574399 1.913059473 -0.037844103 0.825919986 0.191992849 0.528736949
0.000000 1.129233122 -0.506693363 1.882691383 -0.044235300 0.835977674 0.196093962 0.510618925
0.000000 1.184447289 -0.505057991 1.877595067 -0.046512414 0.834878504 0.199574456 0.510866404
0.000000 1.256203890 -0.509515405 1.885743976 -0.049856238 0.832691073 0.204298392 0.512251854
0.000000 1.324424267 -0.503063321 1.850700140 -0.054310378 0.829930723 0.208894223 0.514420629
0.000000 1.450426817 -0.496322095 1.771205664 -0.059063762 0.829369009 0.214244872 0.512598932
0.000000 1.564231157 -0.486639291 1.721005201 -0.063136056 0.831912875 0.215484411 0.507445931
0.000000 1.649562597 -0.470665693 1.681810737 -0.065374903 0.835224926 0.215490773 0.501686454
0.000000 1.789359212 -0.445353329 1.640890837 -0.067702852 0.840180814 0.216065437 0.492776185
0.000000 2.088200331 -0.418598950 1.557222128 -0.071925215 0.848946154 0.216756046 0.476585805
0.000000 2.451677084 -0.459387302 1.474042058 -0.072775222 0.857811332 0.216913834 0.460230261
0.000000 2.764520645 -0.505424857 1.400964499 -0.074595563 0.867467999 0.216261193 0.441775858
0.000000 3.054678917 -0.500099897 1.287703037 -0.078023016 0.873844087 0.214936197 0.429081976
0.000000 3.372594833 -0.466523409 1.112455606 -0.080212347 0.876711726 0.214327857 0.423091143
0.000000 3.640844822 -0.455925226 0.930689096 -0.079281278 0.877586961 0.214304879 0.421460629
0.000000 3.953227043 -0.497650504 0.679467440 -0.078607813 0.878226399 0.213740647 0.420540273
0.000000 4.344650269 -0.449887872 0.413608074 -0.076350339 0.880338192 0.214372709 0.416196704
0.000000 4.798903465 -0.452106714 0.181406975 -0.075457819 0.881987453 0.213963330 0.413066566
0.000000 5.327084541 -0.557107806 -0.090806484 -0.075826339 0.883825839 0.212145358 0.409995884
0.000000 5.751186848 -0.525954962 -0.341452599 -0.075671233 0.887128532 0.211696491 0.403065056
0.000000 6.160486221 -0.464824200 -0.670746326 -0.074548580 0.888574600 0.212290838 0.399762779
0.000000 6.522963047 -0.535135269 -1.024660110 -0.074368536 0.890331328 0.211602643 0.396236986
0.000000 6.936851978 -0.592923403 -1.418930531 -0.073342793 0.895002663 0.210770339 0.386221349
0.000000 7.362404346 -0.558781862 -1.772307396 -0.072274275 0.899073303 0.209398940 0.377618521
0.000000 7.823935032 -0.628494501 -2.163342476 -0.072931729 0.903176725 0.206993848 0.368925929
0.000000 8.231560707 -0.712323666 -2.491513252 -0.072774023 0.906713843 0.204739749 0.361463189
0.000000 8.536273956 -0.662906170 -2.820716858 -0.068295054 0.906724215 0.202827170 0.363384336
0.000000 8.841814041 -0.664213181 -3.175070763 -0.064977571 0.905252874 0.200865000 0.368711859
0.000000 9.202890396 -0.736152887 -3.555389404 -0.060689509 0.904905200 0.195238799 0.373289675
0.000000 9.666691780 -0.639970303 -3.986347198 -0.056886654 0.902748287 0.191532210 0.380952597
0.000000 10.260918617 -0.668245316 -4.453305244 -0.055515800 0.902772248 0.189683452 0.382021606
0.000000 10.783390045 -0.733796597 -4.873252869 -0.054081734 0.902756035 0.189163953 0.382522851
0.000000 11.193701744 -0.686407566 -5.270130157 -0.053199481 0.902412653 0.189327851 0.383374780
0.000000 11.680680275 -0.774923801 -5.751802444 -0.051211219 0.903283358 0.187662899 0.382412434
0.000000 12.188304901 -0.764646530 -6.228786469 -0.048870083 0.901896715 0.185940132 0.386807829
0.000000 12.701108932 -0.865614891 -6.639176369 -0.048407245 0.900631368 0.185884804 0.389829159
0.000000 13.109319687 -0.972500801 -6.967285156 -0.045876380 0.900166512 0.184499800 0.391861647
0.000000 13.501819611 -0.966728210 -7.323226929 -0.044019781 0.900298297 0.183880404 0.392062783
0.000000 13.812656403 -0.918056488 -7.653583527 -0.041748729 0.899878204 0.185302630 0.392605782
0.000000 14.260179520 -0.936259747 -8.144227982 -0.039135814 0.899538517 0.183136865 0.394664109
0.000000 14.717050552 -0.980659962 -8.630022049 -0.036206253 0.899531007 0.182281137 0.395356357
0.000000 15.201803207 -0.943894863 -9.032371521 -0.034945678 0.906751513 0.180851251 0.379306436
0.000000 15.601804733 -1.038530827 -9.317470551 -0.037959941 0.915888727 0.180032477 0.356784552
0.000000 16.003953934 -1.104080677 -9.643745422 -0.040667389 0.927054107 0.177937001 0.327498496
0.000000 16.279502869 -1.069859505 -9.972618103 -0.042682491 0.935742259 0.178188413 0.301352769
0.000000 16.495689392 -1.023321152 -10.313747406 -0.044347327 0.947003722 0.177231833 0.264208555
0.000000 16.681304932 -1.041081905 -10.606470108 -0.045555346 0.957411468 0.177262351 0.223307312
0.000000 16.891799927 -1.087443829 -10.948259354 -0.046272736 0.969365537 0.173173025 0.167929694
0.000000 17.117668152 -1.045625687 -11.227609634 -0.047745500 0.977675855 0.166905060 0.118376486
0.000000 17.368719101 -0.925905704 -11.583207130 -0.045706742 0.984126985 0.159250349 0.063595384
0.000000 17.592344284 -0.889473915 -11.908851624 -0.043938078 0.987058818 0.152514279 0.022884740
0.000000 17.776121140 -0.861308575 -12.273376465 0.041156601 -0.988293171 -0.145365566 0.021253390
0.000000 17.863534927 -0.860245228 -12.552796364 0.037573881 -0.987302244 -0.140502140 0.063888155
0.000000 17.879325867 -0.837459087 -12.720708847 0.032136530 -0.985200167 -0.137375206 0.097344197
0.000000 17.873035431 -0.687122583 -13.027357101 0.024521604 -0.980940759 -0.130480051 0.141876638
0.000000 17.828350067 -0.556124926 -13.296777725 0.013021507 -0.976081967 -0.125106126 0.177321658
0.000000 17.750036240 -0.484752178 -13.594439507 0.007603461 -0.970253110 -0.119134992 0.210613385
0.000000 17.827554703 -0.243962049 -14.118535995 0.013335918 -0.957473695 -0.107651398 0.267352700
0.000000 17.764215469 -0.251867771 -14.385196686 0.012471488 -0.949027658 -0.104745187 0.297017604
0.000000 17.745544434 -0.238010645 -14.629625320 0.011954897 -0.938874185 -0.101543240 0.328726858
0.000000 17.688642502 -0.164797664 -14.879984856 0.009657270 -0.928341627 -0.096397489 0.358881682
0.000000 17.668611526 -0.138867170 -15.134651184 0.008839194 -0.916751444 -0.092251465 0.388559371
0.000000 17.610147476 -0.099035889 -15.508431435 0.006693763 -0.899520755 -0.087565683 0.427960247
0.000000 17.564540863 -0.140884757 -15.884407997 0.002739294 -0.879108429 -0.087128662 0.468582511
0.000000 17.500663757 -0.211793661 -16.182331085 -0.002328592 -0.857270062 -0.087267801 0.507412016
0.000000 17.428852081 -0.208569169 -16.385644913 -0.003803317 -0.844676077 -0.088070825 0.527969241
0.000000 17.327415466 -0.200679421 -16.590429306 -0.006446304 -0.838049591 -0.092355065 0.537681937
0.000000 17.260938644 -0.193622470 -16.742095947 -0.008111846 -0.835709035 -0.096523382 0.540562570
0.000000 17.140851974 -0.230378747 -16.957305908 -0.012058242 -0.834199548 -0.102609642 0.541698337
0.000000 16.987651825 -0.265522003 -17.187923431 -0.018022105 -0.833496511 -0.109398499 0.541286230
0.000000 16.829004288 -0.303957939 -17.338088989 -0.021540023 -0.833658397 -0.113948703 0.539968073
0.000000 16.626615524 -0.370087624 -17.526367188 -0.025601795 -0.832990646 -0.118639529 0.539810896
0.000000 16.427707672 -0.408390284 -17.722129822 -0.028755963 -0.831216872 -0.119587466 0.542171955
0.000000 16.189369202 -0.430321217 -17.934202194 -0.032509927 -0.829210639 -0.121425018 0.544618070
0.000000 15.880321503 -0.499985218 -18.206932068 -0.035555061 -0.827532947 -0.121484458 0.546961129
0.000000 15.412954330 -0.730699539 -18.620231628 -0.035448816 -0.826229155 -0.118143931 0.549664259
0.000000 14.968122482 -0.898639321 -18.994350433 -0.034316372 -0.824520826 -0.115238041 0.552908719
0.000000 14.571964264 -0.997508407 -19.224319458 -0.034607165 -0.821976840 -0.112960897 0.557132185
0.000000 14.101749420 -1.035436869 -19.452692032 -0.033857655 -0.821664095 -0.109579861 0.558313608
0.000000 13.584609985 -1.187067270 -19.690610886 -0.033318639 -0.823919952 -0.103835605 0.556115091
0.000000 13.141220093 -1.518678665 -19.997291565 0.001582820 -0.850334823 -0.099326447 0.516780853
0.000000 12.699058533 -1.603565335 -20.211612701 0.002564288 -0.852917552 -0.098783337 0.512607932
0.000000 12.250650406 -1.682405114 -20.423587799 -0.001590339 -0.850130081 -0.097632602 0.517440140
