0.000000 0.000000000 0.000000000 0.000000000 -0.000000000 -0.000000000 -0.000000000 1.000000000
0.000000 -0.011027278 -0.000121690 0.033233956 0.002261122 -0.003525733 -0.001250182 0.999990463
0.000000 -0.013147537 -0.002208842 0.036957588 0.001273530 -0.004877442 -0.001600467 0.999986053
0.000000 -0.016017219 -0.000755769 0.045767810 0.003094720 -0.007370934 -0.002412459 0.999965131
0.000000 -0.017534761 -0.002357895 0.048951808 0.002676844 -0.006644218 -0.003359129 0.999968708
0.000000 -0.018858060 -0.003367679 0.051972751 0.002964974 -0.006020096 -0.003924804 0.999969780
0.000000 -0.020154312 -0.005000299 0.054444235 0.003476735 -0.005367909 -0.004544355 0.999969244
0.000000 -0.023315504 -0.009179932 0.061091401 0.003709637 -0.003751603 -0.006037434 0.999967873
0.000000 -0.029230410 -0.026666589 0.086073585 -0.000748678 0.002234977 -0.018475479 0.999826550
0.000000 -0.028902054 -0.037156548 0.100230083 -0.004430506 0.003770017 -0.025997356 0.999645114
0.000000 -0.025588933 -0.043032184 0.119162388 -0.010219792 0.005602261 -0.032662060 0.999398530
0.000000 -0.023945695 -0.044595346 0.124206424 -0.011787653 0.004423079 -0.033480715 0.999360085
0.000000 -0.023511957 -0.047773249 0.126859173 -0.013394984 0.002976215 -0.035038926 0.999291778
0.000000 -0.021924196 -0.049374927 0.129914343 -0.014845087 0.000495417 -0.034982324 0.999277532
0.000000 -0.019116547 -0.054017935 0.141960099 -0.018806500 -0.027811233 -0.045683201 0.998391688
0.000000 -0.016107125 -0.054849818 0.146580473 -0.019385418 -0.036442954 -0.049704947 0.997910619
0.000000 -0.014387185 -0.057165090 0.152224272 -0.021407600 -0.040070862 -0.054602925 0.997474074
0.000000 -0.013476220 -0.061906546 0.160892099 -0.023502059 -0.040455770 -0.058527716 0.997188807
0.000000 -0.013728557 -0.064711779 0.173609659 -0.023837747 -0.040460177 -0.061343219 0.997011423
0.000000 -0.014387035 -0.066614456 0.185762018 -0.022823045 -0.037504207 -0.063235626 0.997032523
0.000000 -0.015029998 -0.069219805 0.199252233 -0.022615939 -0.031177770 -0.064337574 0.997184634
0.000000 -0.016764721 -0.072762564 0.211570024 -0.021734698 -0.023098104 -0.066087715 0.997309685
0.000000 -0.018595628 -0.077492721 0.223881066 -0.020941790 -0.014399935 -0.065825909 0.997507453
0.000000 -0.020982126 -0.083418198 0.234484524 -0.019748211 -0.006906029 -0.067914300 0.997471809
0.000000 -0.020631993 -0.086386025 0.243805826 -0.018230127 -0.002460191 -0.068336442 0.997492731
0.000000 -0.021277703 -0.091225006 0.253161669 -0.017555134 0.001709591 -0.070201308 0.997376919
0.000000 -0.019806009 -0.106008507 0.283784717 -0.016106432 0.010659530 -0.074682482 0.997020304
0.000000 -0.018955240 -0.114410624 0.299749613 -0.015846325 0.010285295 -0.079352580 0.996667624
0.000000 -0.017309390 -0.128096327 0.314565092 -0.015932692 0.010237307 -0.081358939 0.996504962
0.000000 -0.015138568 -0.132704467 0.324148387 -0.015503343 0.008955938 -0.080782510 0.996570945
0.000000 -0.012223036 -0.140152857 0.333414257 -0.017260060 0.001258746 -0.082146868 0.996469975
0.000000 -0.009845908 -0.134769455 0.349398553 -0.020270715 -0.014055496 -0.081971288 0.996329427
0.000000 -0.007686123 -0.130807295 0.356999874 -0.024515234 -0.017499311 -0.080652595 0.996287107
0.000000 -0.005714298 -0.127907276 0.363879532 -0.028684134 -0.018586095 -0.079636849 0.996237814
0.000000 -0.006991445 -0.127174199 0.369284481 -0.032510221 -0.018321719 -0.080815956 0.996030211
0.000000 -0.010419406 -0.129487246 0.381312311 -0.035729818 -0.014199974 -0.082796492 0.995824516
0.000000 -0.014056781 -0.135883480 0.397906482 -0.035595894 0.004479744 -0.084769174 0.995754540
0.000000 -0.016828667 -0.142147422 0.415479064 -0.032650825 0.023685481 -0.086963207 0.995394588
0.000000 -0.019190330 -0.148301587 0.428717852 -0.032139923 0.030490931 -0.087099835 0.995214045
0.000000 -0.020769449 -0.163001761 0.471543729 -0.031090058 0.038334727 -0.087454341 0.994945049
0.000000 -0.014732614 -0.178686619 0.500986874 -0.030739659 0.034710120 -0.087843247 0.995054722
0.000000 -0.012774721 -0.191786468 0.526160359 -0.031489059 0.031548396 -0.088309854 0.995095253
0.000000 -0.009716693 -0.198371947 0.550845265 -0.030518187 0.030361820 -0.089800261 0.995028973
0.000000 -0.007528192 -0.200770184 0.568900108 -0.030320089 0.028240116 -0.089716166 0.995105147
0.000000 -0.009951126 -0.206452295 0.597893000 -0.031066157 0.027031383 -0.087740518 0.995291829
0.000000 -0.016998885 -0.211642012 0.625012636 -0.030464023 0.028496051 -0.088394359 0.995211720
0.000000 -0.027747190 -0.222343013 0.652768016 -0.029169435 0.034011729 -0.088762693 0.995044470
0.000000 -0.033168141 -0.233301461 0.681018531 -0.028539192 0.032463510 -0.088405699 0.995146275
0.000000 -0.032022737 -0.246102393 0.717459500 -0.026539223 0.043950297 -0.087771624 0.994816661
0.000000 -0.023801509 -0.262015879 0.755855620 -0.028588425 0.037989337 -0.088259593 0.994962215
0.000000 -0.017599469 -0.278201729 0.781393349 -0.029333856 0.022334607 -0.087416679 0.995489359
0.000000 -0.013133356 -0.296803594 0.813356459 -0.028788142 0.018858358 -0.086072192 0.995694339
0.000000 -0.008091494 -0.310386568 0.842181146 -0.028699111 0.017940696 -0.086429447 0.995682895
0.000000 -0.006263191 -0.316578954 0.864274502 -0.028004983 0.017093981 -0.085842177 0.995768428
0.000000 -0.011352943 -0.321513355 0.894605577 -0.028124468 0.015673103 -0.084956259 0.995864391
0.000000 -0.021198090 -0.336275697 0.926338434 -0.026717527 0.014102803 -0.086000331 0.995836973
0.000000 -0.028028971 -0.357024640 0.961739600 -0.026558354 0.017946601 -0.085152566 0.995852232
0.000000 -0.032344416 -0.367913306 0.989549041 -0.024611957 0.033620335 -0.084316455 0.995567501
0.000000 -0.035829935 -0.374396116 1.016556859 -0.019253878 0.033546131 -0.084374659 0.995683134
0.000000 -0.038433269 -0.391774982 1.047118783 -0.014142157 0.025124481 -0.085350171 0.995933831
0.000000 -0.038269125 -0.405991912 1.068139434 -0.013107750 0.009654489 -0.083371490 0.996385574
0.000000 -0.039587326 -0.418832898 1.100992560 -0.011139394 -0.004981604 -0.083751105 0.996412039
0.000000 -0.041960880 -0.429710567 1.132520676 -0.010814979 -0.011524254 -0.083157979 0.996411085
0.000000 -0.042371452 -0.442549169 1.180275559 -0.010012742 -0.006325920 -0.081607386 0.996594191
0.000000 -0.045386471 -0.454125375 1.227475762 -0.008499006 0.009481979 -0.081320979 0.996606648
0.000000 -0.043667961 -0.462885410 1.269106746 -0.007149694 0.011760185 -0.081516728 0.996576965
0.000000 -0.040423647 -0.486921936 1.318099141 -0.007199781 0.000572716 -0.081445247 0.996651649
0.000000 -0.033515479 -0.512750387 1.354327559 -0.010818872 -0.026168263 -0.082516491 0.996187329
0.000000 -0.028933682 -0.531635821 1.390498638 -0.010434968 -0.033596963 -0.082853436 0.995940626
0.000000 -0.035585187 -0.543957531 1.436693788 -0.006889645 -0.033531878 -0.086102813 0.995697975
0.000000 -0.044812083 -0.556712687 1.463567615 -0.005958976 -0.032056943 -0.084355690 0.995902121
0.000000 -0.052131496 -0.577287912 1.500511169 -0.005194572 -0.032607526 -0.086297646 0.995722115
0.000000 -0.052649297 -0.596652925 1.544798017 -0.003446997 -0.033716869 -0.086526372 0.995672882
0.000000 -0.055059668 -0.603434861 1.575706959 -0.003850518 -0.047440697 -0.084548444 0.995281935
0.000000 -0.049541861 -0.608231187 1.608155251 -0.004711380 -0.057336956 -0.089421757 0.994330943
0.000000 -0.040489711 -0.614848077 1.657104611 -0.004049886 -0.042320617 -0.088750817 0.995146155
0.000000 -0.044649947 -0.628118336 1.692587852 0.000134864 -0.017168730 -0.094065569 0.995417953
0.000000 -0.060370076 -0.645453155 1.729741335 0.004079773 0.009737082 -0.094474025 0.995471358
0.000000 -0.070892967 -0.654837012 1.761032343 0.005836128 0.016774289 -0.092378892 0.995565534
0.000000 -0.079936944 -0.666564941 1.794228673 0.004733576 0.015773620 -0.093189269 0.995512247
0.000000 -0.087798379 -0.686950564 1.846255302 0.004974864 0.013617222 -0.093698613 0.995495081
0.000000 -0.098012112 -0.709687173 1.903338432 0.009865022 0.005279171 -0.092887282 0.995613754
0.000000 -0.104800411 -0.724942267 1.939669013 0.012147523 0.002925912 -0.092176788 0.995664299
0.000000 -0.115175933 -0.743068933 1.989851356 0.016792476 0.021957718 -0.091825210 0.995391428
0.000000 -0.122496352 -0.754911184 2.021344185 0.019295409 0.029698592 -0.091871187 0.995140910
0.000000 -0.124066435 -0.763457835 2.052390575 0.020059595 0.030983968 -0.091503479 0.995120466
0.000000 -0.127667844 -0.783986986 2.097167015 0.020372927 0.027919035 -0.091972843 0.995161533
0.000000 -0.131480962 -0.810547113 2.131663322 0.021347139 0.018625598 -0.093162313 0.995247841
0.000000 -0.128367126 -0.828735948 2.162769318 0.025006829 0.011300010 -0.092376158 0.995346010
0.000000 -0.130618259 -0.836734235 2.191097975 0.029548241 0.010190186 -0.093656220 0.995113850
0.000000 -0.129686713 -0.845685959 2.228357077 0.033849292 0.007956178 -0.091474682 0.995200157
0.000000 -0.140851989 -0.854561627 2.261452675 0.041431073 0.025939308 -0.091501139 0.994604528
0.000000 -0.144483775 -0.862826407 2.286585331 0.043360237 0.024639701 -0.091036841 0.994597971
0.000000 -0.143068075 -0.870388627 2.305455208 0.044157371 0.024288297 -0.091499627 0.994529068
0.000000 -0.137347132 -0.881762505 2.332820177 0.045324780 0.026840558 -0.090483882 0.994503856
0.000000 -0.127740994 -0.891565144 2.359175205 0.045736071 0.028908761 -0.089402251 0.994524896
0.000000 -0.118400633 -0.899957418 2.380292416 0.045658670 0.028805247 -0.089494169 0.994523168
0.000000 -0.108180858 -0.919685185 2.407449722 0.045048401 0.020344026 -0.091361322 0.994590282
0.000000 -0.106607579 -0.931965828 2.430369616 0.045068521 0.015849218 -0.091576494 0.994651437
0.000000 -0.110953197 -0.942166209 2.462372303 0.045921259 0.013005924 -0.092146434 0.994601011
0.000000 -0.113782868 -0.947826505 2.491026402 0.045632139 0.011614752 -0.091851801 0.994658768
0.000000 -0.121518314 -0.959651828 2.521961927 0.045712989 0.011193983 -0.091958366 0.994650066
0.000000 -0.126721308 -0.968571901 2.547307014 0.046208270 0.009628447 -0.092598662 0.994584143
0.000000 -0.128975555 -0.978437126 2.571060419 0.046775583 0.007883996 -0.093904831 0.994450510
0.000000 -0.126981407 -0.989377022 2.599407434 0.047006615 0.007709207 -0.096742466 0.994168937
0.000000 -0.126286253 -1.001799583 2.636788368 0.048108052 0.006542311 -0.096917935 0.994107485
0.000000 -0.124038905 -1.022035241 2.676128387 0.046950534 -0.001583188 -0.097782761 0.994098425
0.000000 -0.121471129 -1.044916153 2.721937418 0.047595389 -0.005199344 -0.098890051 0.993945897
0.000000 -0.120686568 -1.054717302 2.757064342 0.047504671 -0.006727741 -0.097871907 0.994041800
0.000000 -0.125542492 -1.061276197 2.791944504 0.046865653 -0.005232394 -0.099146724 0.993954837
0.000000 -0.133247823 -1.067059159 2.819330692 0.047821254 0.004965492 -0.098768167 0.993948340
0.000000 -0.146354675 -1.077137947 2.848611593 0.050132181 0.015489962 -0.098815493 0.993721485
0.000000 -0.153914228 -1.090421796 2.870834351 0.051056910 0.015107524 -0.099107452 0.993651211
0.000000 -0.155290246 -1.102778673 2.888744116 0.051977456 0.014825850 -0.099329054 0.993585587
0.000000 -0.148409396 -1.117343545 2.910203934 0.052605003 0.012881322 -0.099292248 0.993583322
0.000000 -0.139177233 -1.136235476 2.933205128 0.051946875 0.001141786 -0.099539436 0.993676066
0.000000 -0.128503650 -1.157058001 2.955653906 0.049232882 -0.021839051 -0.099755861 0.993553221
0.000000 -0.122395515 -1.174447894 2.977552652 0.048975609 -0.029253153 -0.099356040 0.993415356
0.000000 -0.118660942 -1.183775663 2.996513367 0.049030695 -0.032329012 -0.099333458 0.993319511
0.000000 -0.114953138 -1.195245147 3.022139788 0.048535507 -0.034605563 -0.098662294 0.993334055
0.000000 -0.117185324 -1.201343894 3.041829824 0.047594402 -0.035540719 -0.099664740 0.993246496
0.000000 -0.122648433 -1.203709126 3.068092823 0.046693936 -0.036555130 -0.101665400 0.993049622
0.000000 -0.131482303 -1.208494782 3.086781025 0.046677507 -0.036633845 -0.102106899 0.993002176
0.000000 -0.146666095 -1.216456294 3.107478857 0.047620505 -0.038908273 -0.102052413 0.992876530
0.000000 -0.159598142 -1.228220820 3.131793499 0.047751684 -0.039796837 -0.101262830 0.992915809
0.000000 -0.169774622 -1.241191268 3.155129433 0.049527034 -0.033760682 -0.100767173 0.993102849
0.000000 -0.168910995 -1.253366828 3.179888487 0.049072571 -0.034326315 -0.103211515 0.992854953
0.000000 -0.165676713 -1.266199470 3.207674026 0.048794627 -0.034007691 -0.103704855 0.992828250
0.000000 -0.161683023 -1.272388458 3.227718353 0.048308756 -0.034577392 -0.103033073 0.992902279
0.000000 -0.155094102 -1.284378767 3.250256777 0.046437841 -0.046469431 -0.102737345 0.992536783
0.000000 -0.152038798 -1.295491934 3.273704767 0.045780089 -0.051237706 -0.101451442 0.992464840
0.000000 -0.153529689 -1.304737568 3.295055151 0.045602713 -0.051054504 -0.100840181 0.992544770
0.000000 -0.161116272 -1.310200453 3.315377474 0.042827293 -0.054148283 -0.101876855 0.992398620
0.000000 -0.172288641 -1.311937213 3.332874775 0.042496897 -0.058097705 -0.103137158 0.992059171
0.000000 -0.184609160 -1.315071344 3.351570606 0.042561632 -0.059202805 -0.104020946 0.991898775
0.000000 -0.196948767 -1.321123719 3.370285988 0.040864423 -0.062011261 -0.105984271 0.991590679
0.000000 -0.204017714 -1.326068997 3.380537271 0.041295107 -0.066321626 -0.110325277 0.990820110
0.000000 -0.221094757 -1.330693364 3.406805754 0.040468827 -0.064550139 -0.113858521 0.990571499
0.000000 -0.221843660 -1.338314056 3.414383650 0.039762523 -0.072160810 -0.114710383 0.989976406
0.000000 -0.217405275 -1.358048558 3.440053463 0.025053367 -0.130149722 -0.114905663 0.984494865
0.000000 -0.203729212 -1.372769833 3.454225779 0.013954720 -0.179862797 -0.113743655 0.976993918
0.000000 -0.198338643 -1.381753445 3.473366261 0.009786058 -0.194723099 -0.112141430 0.974377513
0.000000 -0.196997792 -1.386612415 3.488045216 0.001044803 -0.208602190 -0.112160467 0.971547306
0.000000 -0.190153092 -1.398372173 3.507811069 -0.011599213 -0.235171929 -0.112244859 0.965381145
0.000000 -0.190041095 -1.410209656 3.527292252 -0.019566711 -0.255202502 -0.110858366 0.960312068
0.000000 -0.192675203 -1.416236758 3.546453953 -0.022931213 -0.271962404 -0.108722419 0.955871403
0.000000 -0.199117213 -1.419382334 3.560428143 -0.025058296 -0.282193184 -0.108444765 0.952879250
0.000000 -0.222965777 -1.417654157 3.583205223 -0.030620800 -0.287240267 -0.114192672 0.950534344
0.000000 -0.236471832 -1.420516729 3.595849991 -0.032560516 -0.287455887 -0.115722425 0.950219631
0.000000 -0.280952692 -1.427244663 3.629198790 -0.035093360 -0.303646952 -0.127372682 0.943579972
0.000000 -0.284706712 -1.428279638 3.627597809 -0.038156562 -0.320427269 -0.131540850 0.937319279
0.000000 -0.281540155 -1.452070832 3.629402876 -0.071164064 -0.454855561 -0.132405266 0.877787530
0.000000 -0.289849162 -1.454161286 3.650067329 -0.094588697 -0.543389618 -0.134240508 0.823261917
0.000000 -0.320226431 -1.447346926 3.684162617 -0.120335601 -0.636221588 -0.129139259 0.751042247
0.000000 -0.341321945 -1.440165281 3.707860470 -0.124109961 -0.658236742 -0.127862439 0.731418014
0.000000 -0.361664772 -1.437773705 3.721937656 -0.123615026 -0.671206653 -0.126777530 0.719811380
0.000000 -0.373734474 -1.435401678 3.730301619 -0.122292615 -0.679261208 -0.126931682 0.712416351
0.000000 -0.384802341 -1.431061268 3.734236717 -0.120734617 -0.690119803 -0.127492040 0.702070951
0.000000 -0.410910368 -1.424149513 3.736700535 -0.116280712 -0.709075093 -0.132926315 0.682658017
0.000000 -0.442128181 -1.418185472 3.730017424 -0.110211022 -0.717074156 -0.136389270 0.674578547
0.000000 -0.460026741 -1.415774107 3.726840973 -0.109165378 -0.725453734 -0.138117626 0.665374577
0.000000 -0.481058121 -1.413465500 3.718498230 -0.109581590 -0.741608262 -0.137983769 0.647278547
0.000000 -0.504467487 -1.406966925 3.710858822 -0.109383933 -0.759121597 -0.137715206 0.626740873
0.000000 -0.543806076 -1.393152118 3.681032658 -0.106749810 -0.790520251 -0.136635333 0.587378085
0.000000 -0.566034794 -1.382174969 3.670605659 -0.107373059 -0.813198686 -0.134492666 0.555959225
0.000000 -0.578918934 -1.376338601 3.664597273 -0.108066708 -0.824748814 -0.133657172 0.538745522
0.000000 -0.592171192 -1.370424747 3.662136078 -0.108223461 -0.832326472 -0.133088931 0.527074635
0.000000 -0.694660664 -1.349089503 3.657355785 -0.119344518 -0.866115570 -0.129581004 0.467770785
0.000000 -0.741232395 -1.338356614 3.651700974 -0.125503942 -0.884424567 -0.124338411 0.431951374
0.000000 -0.842687130 -1.318286538 3.640483618 -0.136878118 -0.905986607 -0.119287893 0.382391155
0.000000 -0.882003307 -1.319268346 3.635117769 -0.140291795 -0.912135124 -0.119378269 0.366164654
0.000000 -0.923896790 -1.323849082 3.625883579 -0.142355055 -0.916931152 -0.118903495 0.353318900
0.000000 -0.966083527 -1.326379061 3.614494324 -0.143859103 -0.921492040 -0.117101505 0.341239214
0.000000 -1.001829147 -1.329099178 3.591445684 -0.144724533 -0.928036869 -0.115797438 0.323099762
0.000000 -1.014319897 -1.328641415 3.561221123 -0.142627805 -0.935004056 -0.115398392 0.303492874
0.000000 -1.021735668 -1.328246713 3.530466080 -0.140569404 -0.937887609 -0.115629554 0.295359075
0.000000 -1.028898239 -1.328033209 3.495005131 -0.138735592 -0.939711750 -0.116066627 0.290211797
0.000000 -1.038345575 -1.324994564 3.425854683 -0.136519834 -0.941470861 -0.116656445 0.285282791
0.000000 -1.045629501 -1.311846375 3.358827591 -0.134786099 -0.942722559 -0.117860645 0.281452924
0.000000 -1.056235075 -1.315277338 3.325863838 -0.134499967 -0.943530738 -0.118140541 0.278751403
0.000000 -1.069978714 -1.323049664 3.283044815 -0.131650999 -0.945808709 -0.118039362 0.272361189
0.000000 -1.086043358 -1.325506926 3.256228447 -0.129517004 -0.948393285 -0.118294008 0.264162868
0.000000 -1.103010416 -1.327969432 3.228547573 -0.127562165 -0.949960291 -0.118462950 0.259364396
0.000000 -1.125916481 -1.327548027 3.203060150 -0.127015144 -0.950852990 -0.117829338 0.256635934
0.000000 -1.160524368 -1.326925755 3.163922310 -0.127212614 -0.951104403 -0.117075361 0.255950719
0.000000 -1.189382553 -1.327502489 3.131943226 -0.127707243 -0.951290369 -0.116591178 0.255233198
0.000000 -1.222142458 -1.328748465 3.095658302 -0.128409803 -0.952900410 -0.115222193 0.249430671
0.000000 -1.308689356 -1.326497555 3.021055222 -0.131285205 -0.956569195 -0.112586148 0.234657109
0.000000 -1.352864027 -1.318817854 2.972882271 -0.131948516 -0.956838310 -0.111712947 0.233602896
0.000000 -1.375095367 -1.310038686 2.929193497 -0.132083014 -0.956933081 -0.111642189 0.233171999
0.000000 -1.398127794 -1.303757429 2.866597176 -0.131680056 -0.954936504 -0.111731455 0.241397589
0.000000 -1.417089701 -1.324159145 2.798635006 -0.130865574 -0.949875176 -0.116840169 0.258765668
0.000000 -1.441774368 -1.345483661 2.742075682 -0.131531820 -0.948945463 -0.117859825 0.261363655
0.000000 -1.482051373 -1.350031614 2.675419569 -0.131936252 -0.949285150 -0.117571115 0.260052979
0.000000 -1.520750761 -1.339157581 2.627910137 -0.132556245 -0.949503243 -0.117094122 0.259155124
0.000000 -1.577748299 -1.328203917 2.560412884 -0.132953793 -0.949625909 -0.117315613 0.258400798
0.000000 -1.637212753 -1.330712557 2.511142492 -0.134088755 -0.949460030 -0.120489903 0.256959230
0.000000 -1.702279329 -1.332880259 2.448447704 -0.135253116 -0.949877381 -0.120263219 0.254904538
0.000000 -1.774074078 -1.338290215 2.377578020 -0.136272117 -0.951355636 -0.118866950 0.249445379
0.000000 -1.823138952 -1.333829165 2.312182426 -0.136494637 -0.951596797 -0.118769005 0.248448625
0.000000 -1.877366066 -1.314586163 2.231797934 -0.137128562 -0.951888561 -0.118284479 0.247210011
0.000000 -1.926664829 -1.306431293 2.164189816 -0.138347909 -0.952843487 -0.117816292 0.243040249
0.000000 -1.968082905 -1.306528091 2.116736174 -0.138444155 -0.953081071 -0.117814071 0.242052719
0.000000 -2.019312382 -1.301976800 2.068027496 -0.138830706 -0.954204082 -0.117092066 0.237718523
0.000000 -2.089372873 -1.302630305 2.025272608 -0.139179096 -0.956244111 -0.116601676 0.229413390
0.000000 -2.165636063 -1.318439484 2.005025864 -0.139142767 -0.957093239 -0.116049752 0.226150990
0.000000 -2.251585960 -1.336942554 1.973029375 -0.139327094 -0.958374798 -0.115185164 0.220993444
0.000000 -2.316207170 -1.335979104 1.923575640 -0.136225715 -0.959475040 -0.115900598 0.217755064
0.000000 -2.356315613 -1.329813480 1.864380479 -0.133711204 -0.959088802 -0.116832376 0.220499963
0.000000 -2.395023346 -1.316613555 1.797335982 -0.128590003 -0.957683921 -0.118184723 0.228776112
0.000000 -2.425540686 -1.322517395 1.729581356 -0.126796663 -0.954878509 -0.118674010 0.240927562
0.000000 -2.464313745 -1.332363129 1.647641420 -0.126467600 -0.953045845 -0.119048558 0.248066634
0.000000 -2.506762028 -1.333169699 1.586092234 -0.125293672 -0.949522436 -0.120453469 0.261150599
0.000000 -2.556960583 -1.331147671 1.517680883 -0.124531634 -0.947265685 -0.120967574 0.269344479
0.000000 -2.632388592 -1.347957373 1.430462599 -0.124035090 -0.947830498 -0.120370805 0.267849743
0.000000 -2.722358942 -1.372227192 1.341622233 -0.124015190 -0.948506534 -0.119984075 0.265630364
0.000000 -2.795732498 -1.374376059 1.265816689 -0.124943189 -0.948809862 -0.119922273 0.264135808
0.000000 -2.864492178 -1.351105332 1.161590099 -0.126022503 -0.949081242 -0.119677514 0.262755483
0.000000 -2.901440620 -1.349134922 1.083325386 -0.125633508 -0.949376464 -0.119101644 0.262136191
0.000000 -2.965544939 -1.357911825 1.000406981 -0.124916092 -0.948354781 -0.118789449 0.266286016
0.000000 -3.031531572 -1.355858564 0.909148395 -0.123976022 -0.946759343 -0.119034015 0.272227168
0.000000 -3.116174221 -1.357475042 0.810561895 -0.125661820 -0.947188616 -0.118237898 0.270301014
0.000000 -3.212059736 -1.403611660 0.722121716 -0.122640565 -0.947826087 -0.119448394 0.268918395
0.000000 -3.282507420 -1.411618948 0.623294115 -0.120601065 -0.948342204 -0.119873591 0.267829895
0.000000 -3.331670761 -1.379042387 0.514015079 -0.118574023 -0.949679554 -0.119989067 0.263915956
0.000000 -3.380063057 -1.355446219 0.402330756 -0.115976259 -0.949871778 -0.122995757 0.262992769
0.000000 -3.452903748 -1.373186469 0.278228045 -0.117891662 -0.949162006 -0.125603020 0.263471127
0.000000 -3.508574009 -1.393301845 0.188828945 -0.116849951 -0.950145841 -0.126041099 0.260158986
0.000000 -3.576806068 -1.415070415 0.092170000 -0.116759464 -0.953590631 -0.125450850 0.247576773
0.000000 -3.631725073 -1.444509029 0.021401882 -0.120360233 -0.965797842 -0.124005310 0.193314776
0.000000 -3.674508333 -1.446550131 -0.048517823 -0.119035475 -0.971514881 -0.122451723 0.164301679
0.000000 -3.687423468 -1.440337896 -0.100230336 -0.117902681 -0.972304404 -0.121641025 0.161017418
0.000000 -3.691963911 -1.425597668 -0.188982725 -0.116596170 -0.971965075 -0.121938571 0.163768798
0.000000 -3.690872669 -1.426957846 -0.250629425 -0.115244091 -0.969429016 -0.123227984 0.178160071
0.000000 -3.707044601 -1.456772804 -0.312986135 -0.114095107 -0.966937602 -0.123725154 0.191588372
0.000000 -3.729285002 -1.484324455 -0.366259813 -0.113974750 -0.965360701 -0.124433257 0.199009821
0.000000 -3.771911621 -1.474522471 -0.416755199 -0.114722013 -0.965471089 -0.124368377 0.198083088
0.000000 -3.818504333 -1.452024817 -0.438595772 -0.115377553 -0.965684056 -0.123520777 0.197192863
0.000000 -3.875349998 -1.444574952 -0.474155426 -0.117527798 -0.967362881 -0.122343376 0.188224375
0.000000 -3.936419725 -1.426624775 -0.533133507 -0.123212278 -0.974213243 -0.117093317 0.148379773
0.000000 -3.983757973 -1.433824778 -0.566529036 -0.126477450 -0.978759289 -0.114855558 0.113322593
0.000000 -4.000798702 -1.432263136 -0.604833841 -0.129250661 -0.982828259 -0.110713340 0.071313031
0.000000 -4.008179665 -1.420085907 -0.648236394 -0.128828526 -0.984113276 -0.108466305 0.056208372
0.000000 -4.009257317 -1.410473347 -0.695956945 -0.126167491 -0.984846413 -0.108134761 0.049660634
0.000000 -4.019331932 -1.411575317 -0.765670538 -0.119456492 -0.986265182 -0.107672699 0.037652165
0.000000 -4.021047115 -1.420846820 -0.835961759 -0.116875306 -0.987569869 -0.104959533 0.005431012
0.000000 -4.002041817 -1.411445975 -0.924302161 0.112698011 0.987563670 0.098669693 0.047764741
0.000000 -3.998930216 -1.415592909 -0.984421730 0.113284901 0.986791134 0.095084190 0.066096850
0.000000 -3.990298986 -1.403087616 -1.035191417 0.113929421 0.984010756 0.088806979 0.104193792
0.000000 -3.984456062 -1.374003530 -1.124399066 0.123905435 0.969998538 0.073539369 0.195811987
0.000000 -3.981445312 -1.337562799 -1.204563737 0.129141912 0.950909555 0.054581821 0.275888085
0.000000 -3.960261822 -1.329369307 -1.240391016 0.126545146 0.940663099 0.047651384 0.311237365
0.000000 -3.926085472 -1.333720446 -1.249527454 0.123624258 0.930171311 0.040580321 0.343295187
0.000000 -3.902638435 -1.336796522 -1.258161783 0.120819710 0.920066059 0.032992058 0.371204287
0.000000 -3.886811018 -1.338668823 -1.264041424 0.118872434 0.912902474 0.028118890 0.389471114
0.000000 -3.874160767 -1.330904126 -1.280008078 0.117458120 0.905488789 0.022383792 0.407176554
0.000000 -3.853619099 -1.338873863 -1.276877403 0.115713730 0.899401307 0.019074343 0.421098322
0.000000 -3.827915430 -1.334728241 -1.294189453 0.114289932 0.888995826 0.014894793 0.443173051
0.000000 -3.793962002 -1.330527782 -1.310799599 0.112009287 0.876608133 0.010394924 0.467871845
0.000000 -3.780462027 -1.326987863 -1.327451468 0.111383453 0.869495511 0.008808498 0.481138021
0.000000 -3.765206099 -1.322582960 -1.345632076 0.110900439 0.862693787 0.006995682 0.493367583
0.000000 -3.722863436 -1.315374613 -1.393654585 0.109547332 0.849764585 0.003732000 0.515641034
0.000000 -3.662605762 -1.396647930 -1.584182739 0.107104532 0.823182344 0.014035811 0.557406902
0.000000 -3.590057373 -1.427158356 -1.668850183 0.104069635 0.803797185 0.015245017 0.585531533
0.000000 -3.522766590 -1.431225896 -1.741780043 0.093668818 0.767722964 0.010566487 0.633810759
0.000000 -3.464710712 -1.434914231 -1.774127722 0.090065412 0.757278502 0.006925591 0.646814883
0.000000 -3.328419685 -1.487127900 -1.853415489 0.083616830 0.718061388 0.002048512 0.690935612
0.000000 -3.134517670 -1.570750952 -1.937550545 0.078314878 0.673741043 -0.000468673 0.734805882
0.000000 -3.091899395 -1.573542714 -1.955675602 0.077311419 0.662619531 -0.003939970 0.744944811
0.000000 -3.042862892 -1.580013156 -1.969842672 0.076675303 0.654065847 -0.006332598 0.752514899
0.000000 -2.992675781 -1.591506243 -1.992440462 0.076090723 0.647187352 -0.007319924 0.758488715
0.000000 -2.832363605 -1.609386206 -2.060666084 0.074499555 0.640140951 -0.011894004 0.764544249
0.000000 -2.789117813 -1.616320968 -2.086001873 0.074546210 0.637592554 -0.012263809 0.766660452
0.000000 -2.742125750 -1.620191693 -2.110233784 0.074625619 0.633435309 -0.014984898 0.770042896
0.000000 -2.688790321 -1.645924568 -2.145862579 0.075793773 0.626442671 -0.014362264 0.775640786
0.000000 -2.536607742 -1.720726728 -2.207412004 0.075880662 0.579959989 -0.015130114 0.810962141
0.000000 -2.476798773 -1.749336004 -2.219486713 0.076176338 0.563324511 -0.015692001 0.822566986
0.000000 -2.425148249 -1.767891169 -2.206821442 0.075688496 0.551827073 -0.016883321 0.830345154
0.000000 -2.393286228 -1.781277657 -2.201729298 0.075527981 0.546979368 -0.016996546 0.833558798
0.000000 -2.355960131 -1.788222313 -2.181297779 0.075012080 0.544500113 -0.018352494 0.835198104
0.000000 -2.238110542 -1.819441676 -2.132770538 0.072916575 0.541280925 -0.020517001 0.837422967
0.000000 -2.141925812 -1.843150496 -2.084663153 0.073846117 0.536802769 -0.019370537 0.840246677
0.000000 -2.075402021 -1.878654838 -2.034535408 0.074578248 0.532846510 -0.019194072 0.842700660
0.000000 -2.053345680 -1.910111189 -2.011672974 0.072782524 0.532075465 -0.018913722 0.843350887
0.000000 -2.011275530 -1.967862487 -1.975777745 0.069071017 0.528521955 -0.020585142 0.845854580
0.000000 -1.978659272 -2.013796091 -1.951696038 0.064921312 0.521623611 -0.025827702 0.850309908
0.000000 -1.950390697 -2.045406103 -1.941233873 0.062328454 0.517661929 -0.029228881 0.852811217
0.000000 -1.920301914 -2.055199146 -1.924871445 0.062161934 0.514520526 -0.031159982 0.854654133
0.000000 -1.791180611 -2.107445240 -1.869399905 0.052385867 0.464156985 -0.031563930 0.883638918
0.000000 -1.722727180 -2.134649754 -1.837557197 0.047648348 0.448924839 -0.029796727 0.891800582
0.000000 -1.664782047 -2.140984297 -1.817042112 0.045267183 0.443374753 -0.028418144 0.894741356
0.000000 -1.590876222 -2.158015728 -1.807070017 0.044048034 0.437398255 -0.026046216 0.897810817
0.000000 -1.520493984 -2.181875706 -1.779538631 0.043705735 0.437031418 -0.024498634 0.898049712
0.000000 -1.468205333 -2.203869104 -1.749909759 0.043062460 0.437228918 -0.024532195 0.897983730
0.000000 -1.392185688 -2.233654022 -1.697798610 0.043762062 0.442438722 -0.023492614 0.895422220
0.000000 -1.324972749 -2.272959709 -1.642405272 0.043182611 0.458393961 -0.021573290 0.887437224
0.000000 -1.249884129 -2.321388721 -1.590057373 0.045055497 0.464342833 -0.017520525 0.884335220
0.000000 -1.164281368 -2.384540796 -1.540233612 0.045216691 0.464979440 -0.016922619 0.884004116
0.000000 -1.078291178 -2.436285496 -1.501005650 0.045102593 0.466383934 -0.017553909 0.883257389
0.000000 -0.995729685 -2.469762087 -1.477467299 0.045530144 0.469419032 -0.018223686 0.881612539
0.000000 -0.869430065 -2.513211489 -1.464885831 0.045842316 0.471939474 -0.017734820 0.880259693
0.000000 -0.751443326 -2.570272446 -1.443549752 0.044650473 0.472944230 -0.017710850 0.879782081
0.000000 -0.625370681 -2.645685196 -1.429657817 0.042658176 0.472309828 -0.015091347 0.880270362
0.000000 -0.520373046 -2.709388256 -1.428516865 0.041972518 0.471753120 -0.015399791 0.880596519
0.000000 -0.432498157 -2.752833605 -1.423135042 0.040908758 0.472694755 -0.013833598 0.880167484
0.000000 -0.372586489 -2.770871401 -1.447906494 0.042259902 0.513554990 -0.009082464 0.856967330
0.000000 -0.290260017 -2.816485405 -1.415768027 0.041933551 0.540622175 -0.006735860 0.840192795
0.000000 -0.219247282 -2.839747667 -1.365818501 0.042370107 0.546418607 -0.007884515 0.836402595
0.000000 -0.141573250 -2.898242712 -1.282941341 0.041613344 0.545315325 -0.008520736 0.837154150
0.000000 -0.074629962 -2.954317808 -1.220026970 0.042216040 0.542414308 -0.009406721 0.838997066
0.000000 0.025170743 -3.008164406 -1.182321191 0.041260876 0.541708827 -0.009195095 0.839502573
0.000000 0.137584865 -3.032538652 -1.172827482 0.041771222 0.541158617 -0.009504591 0.839828670
0.000000 0.291338503 -3.092066526 -1.167832851 0.041947544 0.534206390 -0.009242619 0.844262183
0.000000 0.417757928 -3.164118290 -1.157758594 0.041889027 0.533169270 -0.010094457 0.844910622
0.000000 0.522126198 -3.228518724 -1.132778764 0.042874373 0.532504082 -0.010477357 0.845275939
0.000000 0.627445161 -3.270022631 -1.082222939 0.043135207 0.527448535 -0.010376857 0.848427832
0.000000 0.732732296 -3.301891565 -1.008364081 0.042716563 0.523827195 -0.010206951 0.850691676
0.000000 0.852522492 -3.334389210 -0.921956420 0.042290840 0.522270381 -0.010428559 0.851666808
0.000000 1.007122278 -3.419111013 -0.838860095 0.042519867 0.520687699 -0.010190666 0.852626860
0.000000 1.130105972 -3.499060392 -0.770614862 0.041457657 0.520258486 -0.010696264 0.852934837
0.000000 1.284773827 -3.559430361 -0.732601166 0.041032113 0.519636869 -0.012824197 0.853304982
0.000000 1.447425365 -3.623697042 -0.707040846 0.041609410 0.518649220 -0.012775321 0.853878498
0.000000 1.600939274 -3.719111443 -0.673090875 0.041034210 0.516825974 -0.011934510 0.855023205
0.000000 1.814548016 -3.850235939 -0.636253238 0.041901313 0.512419343 -0.011402706 0.857636631
0.000000 1.987874508 -3.942662001 -0.582863569 0.041793913 0.511482954 -0.011121023 0.858204484
0.000000 2.118335009 -4.003767967 -0.499516189 0.045914698 0.511766255 -0.014756706 0.857770026
0.000000 2.197518826 -4.049192905 -0.416232109 0.048701089 0.513734639 -0.015290796 0.856429279
0.000000 2.327791452 -4.223396778 -0.261041880 0.047988866 0.517332971 -0.013725514 0.854327321
0.000000 2.456498861 -4.277593613 -0.132963181 0.051280335 0.520915270 -0.021620635 0.851792395
0.000000 2.594383478 -4.355611324 -0.114833355 0.056490257 0.503958225 -0.024332147 0.861535192
0.000000 2.773050785 -4.446137905 -0.116105556 0.056753755 0.482845396 -0.027060766 0.873445511
0.000000 2.916413069 -4.482923508 -0.103894711 0.060841542 0.478726596 -0.027606675 0.875418186
0.000000 3.038043261 -4.518087387 0.012373090 0.061613239 0.475646436 -0.028434006 0.877015293
0.000000 3.139429331 -4.562823296 0.090535760 0.061024521 0.473776639 -0.029469462 0.878033757
0.000000 3.218734503 -4.623457909 0.158445716 0.061210487 0.472677261 -0.029234633 0.878621042
0.000000 3.302629948 -4.684157848 0.232259870 0.061404616 0.471749604 -0.029278200 0.879104435
0.000000 3.388882875 -4.740284443 0.280892253 0.061274823 0.471566737 -0.029662898 0.879198730
0.000000 3.539078712 -4.788603306 0.316549897 0.060604595 0.468698323 -0.030239874 0.880757928
0.000000 3.711107254 -4.862200737 0.324721098 0.061036486 0.457076669 -0.030913871 0.886791885
0.000000 3.937117815 -4.973894119 0.358801842 0.060184214 0.453898370 -0.031256448 0.888468981
0.000000 4.096395016 -5.046337128 0.405074358 0.060793214 0.453249514 -0.031320143 0.888756514
0.000000 4.227365494 -5.092679024 0.465755105 0.062351376 0.462493360 -0.029795041 0.883925617
0.000000 4.364902496 -5.192210674 0.565878153 0.064190559 0.495509654 -0.027984135 0.865775168
0.000000 4.508794785 -5.286763668 0.658366442 0.064284943 0.504102409 -0.028341832 0.860781610
0.000000 4.650118351 -5.357578754 0.715051889 0.061124127 0.505915165 -0.033572882 0.859759569
0.000000 4.797115803 -5.402581692 0.777287483 0.060675234 0.505250514 -0.035195682 0.860117257
0.000000 4.907512188 -5.432448387 0.823818684 0.060879633 0.504481375 -0.034963138 0.860563636
0.000000 5.070908546 -5.527401447 0.881690502 0.061404519 0.498938292 -0.035361432 0.863735914
0.000000 5.226949215 -5.606891632 0.898326159 0.062186889 0.493407696 -0.035608687 0.866841197
0.000000 5.351078033 -5.663661957 0.899420023 0.061458595 0.491512477 -0.035812207 0.867960751
0.000000 5.486845970 -5.695966244 0.895360231 0.061086494 0.489655137 -0.035388254 0.869053483
0.000000 5.639380455 -5.746275902 0.938321114 0.061068576 0.488926589 -0.035102535 0.869476438
0.000000 5.767788887 -5.829019547 0.995426893 0.060809474 0.489292711 -0.036024179 0.869250953
0.000000 5.929640293 -6.000404835 1.061699152 0.061048813 0.491283655 -0.035127517 0.868147194
0.000000 6.109400749 -6.134634972 1.084102869 0.061857633 0.491203666 -0.036994539 0.868057609
0.000000 6.271540642 -6.216731071 1.061272621 0.063349582 0.491366774 -0.038889918 0.867774785
0.000000 6.618448257 -6.455956459 1.006152391 0.063451022 0.479605943 -0.040279869 0.874259472
0.000000 6.764954567 -6.507666111 1.032928467 0.063092716 0.466419637 -0.041952372 0.881312728
0.000000 6.917692661 -6.491680622 1.071964741 0.063536279 0.464664847 -0.041090351 0.882247865
0.000000 7.084600449 -6.493705273 1.146524906 0.065126203 0.475597471 -0.038862929 0.876387656
0.000000 7.253197670 -6.551781178 1.241565466 0.060945433 0.492731541 -0.033272974 0.867406666
0.000000 7.452023506 -6.687089920 1.371227026 0.060257763 0.493717462 -0.032690685 0.866916001
0.000000 7.623894691 -6.816312313 1.478004932 0.060756791 0.497594625 -0.032352425 0.864674211
0.000000 7.810274124 -6.910274506 1.561274052 0.061852962 0.505793989 -0.030547649 0.859891593
0.000000 8.048784256 -7.021288872 1.637970448 0.062173661 0.508753538 -0.030326737 0.858128548
0.000000 8.258635521 -7.153673649 1.741806507 0.062447663 0.508742869 -0.030531220 0.858107626
0.000000 8.395433426 -7.225818634 1.829360485 0.063441023 0.507400692 -0.030393934 0.858834147
0.000000 8.550626755 -7.298244953 1.948478222 0.064003319 0.512037754 -0.029744135 0.856058538
0.000000 8.735742569 -7.378900051 2.102024078 0.065011553 0.524221301 -0.027770160 0.848642588
0.000000 8.906455040 -7.486001015 2.227488041 0.065220781 0.523505688 -0.027483193 0.849077582
0.000000 9.045497894 -7.585883617 2.312822342 0.067619056 0.522615016 -0.030223323 0.849345505
0.000000 9.185740471 -7.664166451 2.374501705 0.069365777 0.514566958 -0.031595681 0.854055583
0.000000 9.325120926 -7.765542030 2.446577549 0.067558773 0.477819920 -0.035558641 0.875133991
0.000000 9.515992165 -7.877220154 2.493429184 0.066640913 0.453452110 -0.037804585 0.887981415
0.000000 9.685294151 -7.963150978 2.523670197 0.065696009 0.440248370 -0.038769539 0.894629776
0.000000 9.830409050 -8.015575409 2.564769268 0.065151393 0.434215248 -0.041113175 0.897508860
0.000000 9.981711388 -8.069622993 2.674541235 0.063213021 0.432466209 -0.043765958 0.898366094
0.000000 10.152832031 -8.147042274 2.863207102 0.062562771 0.436152220 -0.044222869 0.896605551
0.000000 10.293091774 -8.220019341 2.998964310 0.062670968 0.435123146 -0.045699131 0.897023857
0.000000 10.438717842 -8.304984093 3.096828938 0.059964903 0.436345428 -0.051207751 0.896317303
0.000000 10.632419586 -8.422794342 3.240490913 0.055125192 0.408354998 -0.055910487 0.909440160
0.000000 10.760251045 -8.561725616 3.397347450 0.046861749 0.327459008 -0.058595538 0.941881716
0.000000 10.924746513 -8.588912964 3.526651382 0.046617411 0.278097779 -0.063924484 0.957288980
0.000000 11.045605659 -8.609146118 3.607487202 0.047147162 0.261863172 -0.064702086 0.961778820
0.000000 11.114725113 -8.618287086 3.696443558 0.047341559 0.255537063 -0.066917181 0.963318110
0.000000 11.175848007 -8.664802551 3.834693432 0.047337763 0.257974148 -0.070750982 0.962394297
0.000000 11.195615768 -8.693116188 3.964169025 0.044212498 0.241832584 -0.074516915 0.966441691
0.000000 11.229083061 -8.730038643 4.078594208 0.041796334 0.199168295 -0.076257549 0.976099312
0.000000 11.234807014 -8.727618217 4.157395840 0.041652162 0.173855498 -0.079058498 0.980708480
0.000000 11.283657074 -8.726917267 4.241433620 0.039453313 0.126777679 -0.082472458 0.987709105
0.000000 11.430619240 -8.729867935 4.373474598 0.038413711 0.075811245 -0.083486013 0.992878258
0.000000 11.350750923 -8.721588135 4.363232136 0.037578527 0.014697633 -0.091664173 0.994972169
0.000000 11.392168045 -8.718511581 4.463924885 0.036429483 -0.035429597 -0.096795768 0.994006157
0.000000 11.398665428 -8.712450981 4.551784992 0.039610162 -0.057294838 -0.101623170 0.992381513
0.000000 11.405611038 -8.709656715 4.603373051 0.041059501 -0.068989709 -0.104586162 0.991270006
0.000000 11.401158333 -8.708281517 4.621743202 0.042105194 -0.081294201 -0.111168377 0.989575684
0.000000 11.410874367 -8.708793640 4.619521141 0.043901145 -0.092343926 -0.113104180 0.988308072
0.000000 11.422292709 -8.711233139 4.598259926 0.044776775 -0.101493590 -0.114853568 0.987169087
0.000000 11.427906990 -8.713080406 4.582965851 0.044805635 -0.115449980 -0.118466452 0.985205352
0.000000 11.456821442 -8.712944984 4.612872124 0.037258916 -0.174210861 -0.125377685 0.975983024
0.000000 11.486741066 -8.719681740 4.573166847 0.029327977 -0.227103084 -0.130326673 0.964665294
0.000000 11.501811028 -8.722119331 4.563782692 0.024175975 -0.258433789 -0.134911209 0.956256509
0.000000 11.503068924 -8.722290039 4.563057899 0.022190405 -0.281879514 -0.140567526 0.948837399
0.000000 11.502635956 -8.722223282 4.563220978 0.019327605 -0.307921588 -0.143430606 0.940339565
0.000000 11.505221367 -8.722997665 4.557719231 0.013897349 -0.344085872 -0.145342052 0.927516878
0.000000 11.506288528 -8.723218918 4.554938316 0.011551595 -0.361576736 -0.148137376 0.920426071
0.000000 11.505031586 -8.723142624 4.552289486 0.010456225 -0.381478280 -0.153239727 0.911527634
0.000000 11.504410744 -8.723137856 4.550973415 0.010375107 -0.389501184 -0.155839786 0.907686710
0.000000 11.502913475 -8.723020554 4.548693180 0.009959622 -0.409158051 -0.163507745 0.897639036
0.000000 11.528326988 -8.729730606 4.516317844 0.006223066 -0.534712017 -0.205771565 0.819574535
0.000000 11.524726868 -8.729063034 4.517470360 0.009113326 -0.539899826 -0.213101089 0.814256132
0.000000 11.522554398 -8.728375435 4.518035412 0.008052452 -0.544353068 -0.214076355 0.811040223
0.000000 11.514766693 -8.726558685 4.520169735 0.003664161 -0.565863431 -0.218263775 0.795076191
0.000000 11.510044098 -8.725979805 4.521713257 0.002773481 -0.578417778 -0.222264767 0.784871697
0.000000 11.505706787 -8.723981857 4.524020195 0.002041883 -0.581999898 -0.221908316 0.782322645
0.000000 11.503128052 -8.724167824 4.524915218 -0.004052377 -0.584858954 -0.225802258 0.779061556
0.000000 11.501588821 -8.724365234 4.525568485 -0.007788219 -0.585555494 -0.228067160 0.777849257
0.000000 11.495112419 -8.724075317 4.527427197 -0.013599971 -0.588917792 -0.229368001 0.774842680
0.000000 11.490352631 -8.722200394 4.528120041 -0.014189361 -0.589662611 -0.229739681 0.774155259
0.000000 11.487174988 -8.721625328 4.528123379 -0.013341662 -0.584139705 -0.229486912 0.778420568
0.000000 11.485113144 -8.721715927 4.528283596 -0.013549360 -0.583969772 -0.229108393 0.778656006
0.000000 11.477523804 -8.720437050 4.530644894 -0.015232449 -0.591155112 -0.228200659 0.773451984
0.000000 11.472646713 -8.720141411 4.532740593 -0.022107838 -0.618262529 -0.227462128 0.752013087
0.000000 11.470602036 -8.720164299 4.533850670 -0.024061859 -0.621058106 -0.227822304 0.749536514
0.000000 11.467027664 -8.719644547 4.535820007 -0.026965898 -0.621063471 -0.228849307 0.749120235
0.000000 11.464996338 -8.719238281 4.536748409 -0.027733622 -0.621256411 -0.229322866 0.748787224
0.000000 11.457384109 -8.716785431 4.539187908 -0.028798532 -0.624070346 -0.228983626 0.746507466
0.000000 11.450155258 -8.716472626 4.540440559 -0.029609041 -0.625344694 -0.229018956 0.745397627
0.000000 11.447721481 -8.716436386 4.541202545 -0.030445704 -0.627663255 -0.229539558 0.743251979
0.000000 11.438519478 -8.715368271 4.544549942 -0.033267938 -0.638866782 -0.228333071 0.733898163
0.000000 11.430116653 -8.715004921 4.546737194 -0.044836331 -0.674479842 -0.227957070 0.700786948
0.000000 11.427040100 -8.714123726 4.547872066 -0.045477189 -0.674931943 -0.227450207 0.700474918
0.000000 11.424483299 -8.712779045 4.548848152 -0.045161054 -0.675846457 -0.226595089 0.699890494
0.000000 11.420356750 -8.711466789 4.549750328 -0.043118447 -0.672525465 -0.227453068 0.702933431
0.000000 11.413099289 -8.710739136 4.550058842 -0.041289106 -0.665509820 -0.227271095 0.709746242
0.000000 11.409847260 -8.710029602 4.550631523 -0.040890649 -0.664719999 -0.227589026 0.710407317
0.000000 11.405103683 -8.708854675 4.552669048 -0.037636291 -0.653418720 -0.227129146 0.721137881
0.000000 11.400991440 -8.708419800 4.553956985 -0.038663112 -0.654710889 -0.225896358 0.720298290
0.000000 11.390770912 -8.708564758 4.556935310 -0.051151682 -0.692145586 -0.223954976 0.684223771
0.000000 11.388173103 -8.708314896 4.558737755 -0.051605053 -0.694624484 -0.222418442 0.682175875
0.000000 11.385698318 -8.707887650 4.560192108 -0.051846206 -0.695253909 -0.221911505 0.681681216
0.000000 11.382280350 -8.707191467 4.561455727 -0.052829951 -0.692619920 -0.219898656 0.684931636
0.000000 11.378368378 -8.706783295 4.563165188 -0.050337087 -0.680071175 -0.220526308 0.697379053
0.000000 11.368534088 -8.707305908 4.567998886 -0.043103013 -0.671226144 -0.217868701 0.707199275
0.000000 11.365670204 -8.707220078 4.569924831 -0.044226736 -0.674366951 -0.217050672 0.704387844
0.000000 11.362930298 -8.706906319 4.572215557 -0.046986677 -0.683296382 -0.215263590 0.696103394
0.000000 11.351342201 -8.705759048 4.577271461 -0.053645574 -0.700041294 -0.213586092 0.679297686
0.000000 11.347312927 -8.703662872 4.577344894 -0.052710548 -0.699019015 -0.213530838 0.680440009
0.000000 11.339933395 -8.701814651 4.576430321 -0.046008047 -0.691401899 -0.218167558 0.687204182
0.000000 11.337472916 -8.701524734 4.576425076 -0.044008248 -0.690845430 -0.220501706 0.687149823
0.000000 11.335571289 -8.701250076 4.577105522 -0.044703536 -0.695195973 -0.220642179 0.682657540
0.000000 11.331092834 -8.700752258 4.581628799 -0.074689947 -0.778631568 -0.212305844 0.585730791
0.000000 11.327581406 -8.700088501 4.583692551 -0.084482960 -0.802981436 -0.205257758 0.553129911
0.000000 11.324952126 -8.699206352 4.585708618 -0.099023737 -0.836828589 -0.196104527 0.501453161
0.000000 11.322283745 -8.698032379 4.588075638 -0.116420090 -0.876909077 -0.185300738 0.427949190
0.000000 11.319391251 -8.696550369 4.587575912 -0.122057244 -0.893997490 -0.181860983 0.390892833
0.000000 11.313582420 -8.694017410 4.588096619 -0.145181015 -0.952045083 -0.157438487 0.218508229
